"Date","SkuPartNumber","TotalLicenses","ConsumedLicenses","AvailableLicenses"
"2024-11-12","VISIOCLIENT","75","67","8"
"2024-11-12","STREAM","10000","120","9880"
"2024-11-12","DYN365_CUSTOMER_INSIGHTS_BASE","0","0","0"
"2024-11-12","Microsoft_365_F1_(no_Teams)","25500","24302","1198"
"2024-11-12","FLOW_PER_USER","0","4","-4"
"2024-11-12","VIRTUAL_AGENT_BASE","0","0","0"
"2024-11-12","Microsoft_365_Copilot","15","15","0"
"2024-11-12","DYN365_AI_SERVICE_INSIGHTS","10000","2","9998"
"2024-11-12","WINDOWS_STORE","25","0","25"
"2024-11-12","POWERAPPS_PER_APP_IW","10000","131","9869"
"2024-11-12","PROJECTESSENTIALS","10","437","-427"
"2024-11-12","FLOW_FREE","10000","6183","3817"
"2024-11-12","Power_Virtual_Agents","6","0","6"
"2024-11-12","MCOPSTN1","11","11","0"
"2024-11-12","PHONESYSTEM_VIRTUALUSER","30","3","27"
"2024-11-12","CCIBOTS_PRIVPREV_VIRAL","10000","4","9996"
"2024-11-12","PBI_PREMIUM_P1_ADDON","4","0","4"
"2024-11-12","FORMS_PRO","1000000","0","1000000"
"2024-11-12","POWERAPPS_VIRAL","10000","2305","7695"
"2024-11-12","DYN365_CUSTOMER_INSIGHTS_ADDON","0","0","0"
"2024-11-12","Microsoft_Teams_Premium","30","26","4"
"2024-11-12","SPE_F5_COMP","1500","1276","224"
"2024-11-12","DYN365_ENTERPRISE_CUSTOMER_SERVICE","0","0","0"
"2024-11-12","MEETING_ROOM","0","19","-19"
"2024-11-12","Dynamics_365_Onboarding_SKU","10000","2","9998"
"2024-11-12","POWER_BI_STANDARD","1000000","64463","935537"
"2024-11-12","MCOPSTNC","10000000","3099","9996901"
"2024-11-12","SPE_E5","3375","3256","119"
"2024-11-12","Power_Pages_vTrial_for_Makers","10000","0","10000"
"2024-11-12","POWERAPPS_PER_USER","100","4","96"
"2024-11-12","SMB_APPS","10","1","9"
"2024-11-12","AX7_USER_TRIAL","10000","0","10000"
"2024-11-12","POWERAPPS_PER_USER_BD_ONLY","6000","2641","3359"
"2024-11-12","M365_F1_COMM","0","0","0"
"2024-11-12","VIRTUAL_AGENT_ADDON","0","0","0"
"2024-11-12","RMSBASIC","1","0","1"
"2024-11-12","PROJECTPROFESSIONAL","40","30","10"
"2024-11-12","CPC_E_4C_16GB_256GB","134","111","23"
"2024-11-12","SPE_F1","9500","9972","-472"
"2024-11-12","Microsoft_Teams_Rooms_Pro","28","3","25"
"2024-11-12","POWERAPPS_PER_APP","0","0","0"
"2024-11-12","Microsoft_Teams_Audio_Conferencing_select_dial_out","35000","0","35000"
"2024-11-12","POWERAPPS_DEV","10000","11","9989"
"2024-11-13","VISIOCLIENT","75","67","8"
"2024-11-13","STREAM","10000","120","9880"
"2024-11-13","DYN365_CUSTOMER_INSIGHTS_BASE","0","0","0"
"2024-11-13","Microsoft_365_F1_(no_Teams)","25500","24315","1185"
"2024-11-13","FLOW_PER_USER","0","4","-4"
"2024-11-13","VIRTUAL_AGENT_BASE","0","0","0"
"2024-11-13","Microsoft_365_Copilot","15","15","0"
"2024-11-13","DYN365_AI_SERVICE_INSIGHTS","10000","2","9998"
"2024-11-13","WINDOWS_STORE","25","0","25"
"2024-11-13","POWERAPPS_PER_APP_IW","10000","131","9869"
"2024-11-13","PROJECTESSENTIALS","10","437","-427"
"2024-11-13","FLOW_FREE","10000","6182","3818"
"2024-11-13","Power_Virtual_Agents","6","0","6"
"2024-11-13","MCOPSTN1","11","11","0"
"2024-11-13","PHONESYSTEM_VIRTUALUSER","30","3","27"
"2024-11-13","CCIBOTS_PRIVPREV_VIRAL","10000","4","9996"
"2024-11-13","PBI_PREMIUM_P1_ADDON","4","0","4"
"2024-11-13","FORMS_PRO","1000000","0","1000000"
"2024-11-13","POWERAPPS_VIRAL","10000","2305","7695"
"2024-11-13","DYN365_CUSTOMER_INSIGHTS_ADDON","0","0","0"
"2024-11-13","Microsoft_Teams_Premium","30","26","4"
"2024-11-13","SPE_F5_COMP","1500","1275","225"
"2024-11-13","DYN365_ENTERPRISE_CUSTOMER_SERVICE","0","0","0"
"2024-11-13","MEETING_ROOM","0","19","-19"
"2024-11-13","Dynamics_365_Onboarding_SKU","10000","2","9998"
"2024-11-13","POWER_BI_STANDARD","1000000","64483","935517"
"2024-11-13","MCOPSTNC","10000000","3099","9996901"
"2024-11-13","SPE_E5","3375","3257","118"
"2024-11-13","Power_Pages_vTrial_for_Makers","10000","0","10000"
"2024-11-13","POWERAPPS_PER_USER","100","4","96"
"2024-11-13","SMB_APPS","10","1","9"
"2024-11-13","AX7_USER_TRIAL","10000","0","10000"
"2024-11-13","POWERAPPS_PER_USER_BD_ONLY","6000","2640","3360"
"2024-11-13","M365_F1_COMM","0","0","0"
"2024-11-13","VIRTUAL_AGENT_ADDON","0","0","0"
"2024-11-13","RMSBASIC","1","0","1"
"2024-11-13","PROJECTPROFESSIONAL","40","30","10"
"2024-11-13","CPC_E_4C_16GB_256GB​","134","114","20"
"2024-11-13","SPE_F1","9500","9972","-472"
"2024-11-13","Microsoft_Teams_Rooms_Pro","28","3","25"
"2024-11-13","POWERAPPS_PER_APP","0","0","0"
"2024-11-13","Microsoft_Teams_Audio_Conferencing_select_dial_out","35000","0","35000"
"2024-11-13","POWERAPPS_DEV","10000","11","9989"
"2024-11-14","VISIOCLIENT","75","67","8"
"2024-11-14","STREAM","10000","120","9880"
"2024-11-14","DYN365_CUSTOMER_INSIGHTS_BASE","0","0","0"
"2024-11-14","Microsoft_365_F1_(no_Teams)","25500","24348","1152"
"2024-11-14","FLOW_PER_USER","0","4","-4"
"2024-11-14","VIRTUAL_AGENT_BASE","0","0","0"
"2024-11-14","Microsoft_365_Copilot","15","15","0"
"2024-11-14","DYN365_AI_SERVICE_INSIGHTS","10000","2","9998"
"2024-11-14","WINDOWS_STORE","25","0","25"
"2024-11-14","POWERAPPS_PER_APP_IW","10000","131","9869"
"2024-11-14","PROJECTESSENTIALS","10","438","-428"
"2024-11-14","FLOW_FREE","10000","6181","3819"
"2024-11-14","Power_Virtual_Agents","6","0","6"
"2024-11-14","MCOPSTN1","11","11","0"
"2024-11-14","PHONESYSTEM_VIRTUALUSER","30","3","27"
"2024-11-14","CCIBOTS_PRIVPREV_VIRAL","10000","4","9996"
"2024-11-14","PBI_PREMIUM_P1_ADDON","4","0","4"
"2024-11-14","FORMS_PRO","1000000","0","1000000"
"2024-11-14","POWERAPPS_VIRAL","10000","2304","7696"
"2024-11-14","DYN365_CUSTOMER_INSIGHTS_ADDON","0","0","0"
"2024-11-14","Microsoft_Teams_Premium","30","26","4"
"2024-11-14","SPE_F5_COMP","1500","1275","225"
"2024-11-14","DYN365_ENTERPRISE_CUSTOMER_SERVICE","0","0","0"
"2024-11-14","MEETING_ROOM","0","19","-19"
"2024-11-14","Dynamics_365_Onboarding_SKU","10000","2","9998"
"2024-11-14","POWER_BI_STANDARD","1000000","64509","935491"
"2024-11-14","MCOPSTNC","10000000","3102","9996898"
"2024-11-14","SPE_E5","3375","3260","115"
"2024-11-14","Power_Pages_vTrial_for_Makers","10000","0","10000"
"2024-11-14","POWERAPPS_PER_USER","100","4","96"
"2024-11-14","SMB_APPS","10","1","9"
"2024-11-14","AX7_USER_TRIAL","10000","0","10000"
"2024-11-14","POWERAPPS_PER_USER_BD_ONLY","6000","2637","3363"
"2024-11-14","M365_F1_COMM","0","0","0"
"2024-11-14","VIRTUAL_AGENT_ADDON","0","0","0"
"2024-11-14","RMSBASIC","1","0","1"
"2024-11-14","PROJECTPROFESSIONAL","40","30","10"
"2024-11-14","CPC_E_4C_16GB_256GB​","134","115","19"
"2024-11-14","SPE_F1","9500","9966","-466"
"2024-11-14","Microsoft_Teams_Rooms_Pro","28","3","25"
"2024-11-14","POWERAPPS_PER_APP","0","0","0"
"2024-11-14","Microsoft_Teams_Audio_Conferencing_select_dial_out","35000","0","35000"
"2024-11-14","POWERAPPS_DEV","10000","11","9989"
"2024-11-15","VISIOCLIENT","75","67","8"
"2024-11-15","STREAM","10000","120","9880"
"2024-11-15","DYN365_CUSTOMER_INSIGHTS_BASE","0","0","0"
"2024-11-15","Microsoft_365_F1_(no_Teams)","25500","24388","1112"
"2024-11-15","FLOW_PER_USER","0","4","-4"
"2024-11-15","VIRTUAL_AGENT_BASE","0","0","0"
"2024-11-15","Microsoft_365_Copilot","15","15","0"
"2024-11-15","DYN365_AI_SERVICE_INSIGHTS","10000","2","9998"
"2024-11-15","WINDOWS_STORE","25","0","25"
"2024-11-15","POWERAPPS_PER_APP_IW","10000","131","9869"
"2024-11-15","PROJECTESSENTIALS","10","438","-428"
"2024-11-15","FLOW_FREE","10000","6178","3822"
"2024-11-15","Power_Virtual_Agents","6","0","6"
"2024-11-15","MCOPSTN1","11","11","0"
"2024-11-15","PHONESYSTEM_VIRTUALUSER","30","3","27"
"2024-11-15","CCIBOTS_PRIVPREV_VIRAL","10000","4","9996"
"2024-11-15","PBI_PREMIUM_P1_ADDON","4","0","4"
"2024-11-15","FORMS_PRO","1000000","0","1000000"
"2024-11-15","POWERAPPS_VIRAL","10000","2304","7696"
"2024-11-15","DYN365_CUSTOMER_INSIGHTS_ADDON","0","0","0"
"2024-11-15","Microsoft_Teams_Premium","30","26","4"
"2024-11-15","SPE_F5_COMP","1500","1276","224"
"2024-11-15","DYN365_ENTERPRISE_CUSTOMER_SERVICE","0","0","0"
"2024-11-15","MEETING_ROOM","0","19","-19"
"2024-11-15","Dynamics_365_Onboarding_SKU","10000","2","9998"
"2024-11-15","POWER_BI_STANDARD","1000000","64552","935448"
"2024-11-15","MCOPSTNC","10000000","3104","9996896"
"2024-11-15","SPE_E5","3375","3261","114"
"2024-11-15","Power_Pages_vTrial_for_Makers","10000","0","10000"
"2024-11-15","POWERAPPS_PER_USER","100","4","96"
"2024-11-15","SMB_APPS","10","1","9"
"2024-11-15","AX7_USER_TRIAL","10000","0","10000"
"2024-11-15","POWERAPPS_PER_USER_BD_ONLY","6000","2644","3356"
"2024-11-15","M365_F1_COMM","0","0","0"
"2024-11-15","VIRTUAL_AGENT_ADDON","0","0","0"
"2024-11-15","RMSBASIC","1","0","1"
"2024-11-15","PROJECTPROFESSIONAL","40","30","10"
"2024-11-15","CPC_E_4C_16GB_256GB​","134","115","19"
"2024-11-15","SPE_F1","9500","9969","-469"
"2024-11-15","Microsoft_Teams_Rooms_Pro","28","3","25"
"2024-11-15","POWERAPPS_PER_APP","0","0","0"
"2024-11-15","Microsoft_Teams_Audio_Conferencing_select_dial_out","35000","0","35000"
"2024-11-15","POWERAPPS_DEV","10000","11","9989"
"2024-11-18","VISIOCLIENT","75","67","8"
"2024-11-18","STREAM","10000","120","9880"
"2024-11-18","DYN365_CUSTOMER_INSIGHTS_BASE","0","0","0"
"2024-11-18","Microsoft_365_F1_(no_Teams)","25500","24409","1091"
"2024-11-18","FLOW_PER_USER","0","4","-4"
"2024-11-18","VIRTUAL_AGENT_BASE","0","0","0"
"2024-11-18","Microsoft_365_Copilot","15","15","0"
"2024-11-18","DYN365_AI_SERVICE_INSIGHTS","10000","2","9998"
"2024-11-18","WINDOWS_STORE","25","0","25"
"2024-11-18","POWERAPPS_PER_APP_IW","10000","131","9869"
"2024-11-18","PROJECTESSENTIALS","10","11","-1"
"2024-11-18","FLOW_FREE","10000","6175","3825"
"2024-11-18","Power_Virtual_Agents","6","0","6"
"2024-11-18","MCOPSTN1","11","11","0"
"2024-11-18","PHONESYSTEM_VIRTUALUSER","30","3","27"
"2024-11-18","CCIBOTS_PRIVPREV_VIRAL","10000","4","9996"
"2024-11-18","PBI_PREMIUM_P1_ADDON","4","0","4"
"2024-11-18","FORMS_PRO","1000000","0","1000000"
"2024-11-18","POWERAPPS_VIRAL","10000","2302","7698"
"2024-11-18","DYN365_CUSTOMER_INSIGHTS_ADDON","0","0","0"
"2024-11-18","Microsoft_Teams_Premium","30","26","4"
"2024-11-18","SPE_F5_COMP","1500","1277","223"
"2024-11-18","DYN365_ENTERPRISE_CUSTOMER_SERVICE","0","0","0"
"2024-11-18","MEETING_ROOM","0","19","-19"
"2024-11-18","Dynamics_365_Onboarding_SKU","10000","2","9998"
"2024-11-18","POWER_BI_STANDARD","1000000","64580","935420"
"2024-11-18","MCOPSTNC","10000000","3101","9996899"
"2024-11-18","SPE_E5","3375","3258","117"
"2024-11-18","Power_Pages_vTrial_for_Makers","10000","0","10000"
"2024-11-18","POWERAPPS_PER_USER","100","4","96"
"2024-11-18","SMB_APPS","10","1","9"
"2024-11-18","AX7_USER_TRIAL","10000","0","10000"
"2024-11-18","POWERAPPS_PER_USER_BD_ONLY","6000","2652","3348"
"2024-11-18","M365_F1_COMM","0","0","0"
"2024-11-18","VIRTUAL_AGENT_ADDON","0","0","0"
"2024-11-18","RMSBASIC","1","0","1"
"2024-11-18","PROJECTPROFESSIONAL","40","30","10"
"2024-11-18","CPC_E_4C_16GB_256GB​","134","114","20"
"2024-11-18","SPE_F1","9500","9975","-475"
"2024-11-18","Microsoft_Teams_Rooms_Pro","28","3","25"
"2024-11-18","POWERAPPS_PER_APP","0","0","0"
"2024-11-18","Microsoft_Teams_Audio_Conferencing_select_dial_out","35000","0","35000"
"2024-11-18","POWERAPPS_DEV","10000","11","9989"
"2024-11-19","VISIOCLIENT","75","67","8"
"2024-11-19","STREAM","10000","120","9880"
"2024-11-19","DYN365_CUSTOMER_INSIGHTS_BASE","0","0","0"
"2024-11-19","Microsoft_365_F1_(no_Teams)","25500","24401","1099"
"2024-11-19","FLOW_PER_USER","0","4","-4"
"2024-11-19","VIRTUAL_AGENT_BASE","0","0","0"
"2024-11-19","Microsoft_365_Copilot","15","15","0"
"2024-11-19","DYN365_AI_SERVICE_INSIGHTS","10000","2","9998"
"2024-11-19","WINDOWS_STORE","25","0","25"
"2024-11-19","POWERAPPS_PER_APP_IW","10000","131","9869"
"2024-11-19","PROJECTESSENTIALS","10","11","-1"
"2024-11-19","FLOW_FREE","10000","6172","3828"
"2024-11-19","Power_Virtual_Agents","6","0","6"
"2024-11-19","MCOPSTN1","11","11","0"
"2024-11-19","PHONESYSTEM_VIRTUALUSER","30","3","27"
"2024-11-19","CCIBOTS_PRIVPREV_VIRAL","10000","4","9996"
"2024-11-19","PBI_PREMIUM_P1_ADDON","4","0","4"
"2024-11-19","FORMS_PRO","1000000","0","1000000"
"2024-11-19","POWERAPPS_VIRAL","10000","2302","7698"
"2024-11-19","DYN365_CUSTOMER_INSIGHTS_ADDON","0","0","0"
"2024-11-19","Microsoft_Teams_Premium","30","26","4"
"2024-11-19","SPE_F5_COMP","1500","1276","224"
"2024-11-19","DYN365_ENTERPRISE_CUSTOMER_SERVICE","0","0","0"
"2024-11-19","MEETING_ROOM","0","19","-19"
"2024-11-19","Dynamics_365_Onboarding_SKU","10000","2","9998"
"2024-11-19","POWER_BI_STANDARD","1000000","64571","935429"
"2024-11-19","MCOPSTNC","10000000","3102","9996898"
"2024-11-19","SPE_E5","3375","3259","116"
"2024-11-19","Power_Pages_vTrial_for_Makers","10000","0","10000"
"2024-11-19","POWERAPPS_PER_USER","100","4","96"
"2024-11-19","SMB_APPS","10","1","9"
"2024-11-19","AX7_USER_TRIAL","10000","0","10000"
"2024-11-19","POWERAPPS_PER_USER_BD_ONLY","6000","2654","3346"
"2024-11-19","M365_F1_COMM","0","0","0"
"2024-11-19","VIRTUAL_AGENT_ADDON","0","0","0"
"2024-11-19","RMSBASIC","1","0","1"
"2024-11-19","PROJECTPROFESSIONAL","40","30","10"
"2024-11-19","CPC_E_4C_16GB_256GB​","134","114","20"
"2024-11-19","SPE_F1","9500","9968","-468"
"2024-11-19","Microsoft_Teams_Rooms_Pro","28","3","25"
"2024-11-19","POWERAPPS_PER_APP","0","0","0"
"2024-11-19","Microsoft_Teams_Audio_Conferencing_select_dial_out","35000","0","35000"
"2024-11-19","POWERAPPS_DEV","10000","11","9989"
"2024-11-20","VISIOCLIENT","75","67","8"
"2024-11-20","STREAM","10000","120","9880"
"2024-11-20","DYN365_CUSTOMER_INSIGHTS_BASE","0","0","0"
"2024-11-20","Microsoft_365_F1_(no_Teams)","25500","24406","1094"
"2024-11-20","FLOW_PER_USER","0","4","-4"
"2024-11-20","VIRTUAL_AGENT_BASE","0","0","0"
"2024-11-20","Microsoft_365_Copilot","15","15","0"
"2024-11-20","DYN365_AI_SERVICE_INSIGHTS","10000","2","9998"
"2024-11-20","WINDOWS_STORE","25","0","25"
"2024-11-20","POWERAPPS_PER_APP_IW","10000","131","9869"
"2024-11-20","PROJECTESSENTIALS","10","11","-1"
"2024-11-20","FLOW_FREE","10000","6171","3829"
"2024-11-20","Power_Virtual_Agents","6","0","6"
"2024-11-20","MCOPSTN1","11","11","0"
"2024-11-20","PHONESYSTEM_VIRTUALUSER","30","3","27"
"2024-11-20","CCIBOTS_PRIVPREV_VIRAL","10000","4","9996"
"2024-11-20","PBI_PREMIUM_P1_ADDON","4","0","4"
"2024-11-20","FORMS_PRO","1000000","0","1000000"
"2024-11-20","POWERAPPS_VIRAL","10000","2301","7699"
"2024-11-20","DYN365_CUSTOMER_INSIGHTS_ADDON","0","0","0"
"2024-11-20","Microsoft_Teams_Premium","30","26","4"
"2024-11-20","SPE_F5_COMP","1500","1275","225"
"2024-11-20","DYN365_ENTERPRISE_CUSTOMER_SERVICE","0","0","0"
"2024-11-20","MEETING_ROOM","0","19","-19"
"2024-11-20","Dynamics_365_Onboarding_SKU","10000","2","9998"
"2024-11-20","POWER_BI_STANDARD","1000000","64596","935404"
"2024-11-20","MCOPSTNC","10000000","3103","9996897"
"2024-11-20","SPE_E5","3375","3261","114"
"2024-11-20","Power_Pages_vTrial_for_Makers","10000","0","10000"
"2024-11-20","POWERAPPS_PER_USER","100","4","96"
"2024-11-20","SMB_APPS","10","1","9"
"2024-11-20","AX7_USER_TRIAL","10000","0","10000"
"2024-11-20","POWERAPPS_PER_USER_BD_ONLY","6000","2667","3333"
"2024-11-20","M365_F1_COMM","0","0","0"
"2024-11-20","VIRTUAL_AGENT_ADDON","0","0","0"
"2024-11-20","RMSBASIC","1","0","1"
"2024-11-20","PROJECTPROFESSIONAL","40","30","10"
"2024-11-20","CPC_E_4C_16GB_256GB​","134","111","23"
"2024-11-20","SPE_F1","9500","9986","-486"
"2024-11-20","Microsoft_Teams_Rooms_Pro","28","3","25"
"2024-11-20","POWERAPPS_PER_APP","0","0","0"
"2024-11-20","Microsoft_Teams_Audio_Conferencing_select_dial_out","35000","0","35000"
"2024-11-20","POWERAPPS_DEV","10000","11","9989"
"2024-11-21","VISIOCLIENT","75","67","8"
"2024-11-21","STREAM","10000","120","9880"
"2024-11-21","DYN365_CUSTOMER_INSIGHTS_BASE","0","0","0"
"2024-11-21","Microsoft_365_F1_(no_Teams)","25500","24437","1063"
"2024-11-21","FLOW_PER_USER","0","4","-4"
"2024-11-21","VIRTUAL_AGENT_BASE","0","0","0"
"2024-11-21","Microsoft_365_Copilot","15","15","0"
"2024-11-21","DYN365_AI_SERVICE_INSIGHTS","10000","2","9998"
"2024-11-21","WINDOWS_STORE","25","0","25"
"2024-11-21","POWERAPPS_PER_APP_IW","10000","131","9869"
"2024-11-21","PROJECTESSENTIALS","10","11","-1"
"2024-11-21","FLOW_FREE","10000","6168","3832"
"2024-11-21","Power_Virtual_Agents","6","0","6"
"2024-11-21","MCOPSTN1","11","11","0"
"2024-11-21","PHONESYSTEM_VIRTUALUSER","30","3","27"
"2024-11-21","CCIBOTS_PRIVPREV_VIRAL","10000","4","9996"
"2024-11-21","PBI_PREMIUM_P1_ADDON","4","0","4"
"2024-11-21","FORMS_PRO","1000000","0","1000000"
"2024-11-21","POWERAPPS_VIRAL","10000","2300","7700"
"2024-11-21","DYN365_CUSTOMER_INSIGHTS_ADDON","0","0","0"
"2024-11-21","Microsoft_Teams_Premium","30","26","4"
"2024-11-21","SPE_F5_COMP","1500","1275","225"
"2024-11-21","DYN365_ENTERPRISE_CUSTOMER_SERVICE","0","0","0"
"2024-11-21","MEETING_ROOM","0","19","-19"
"2024-11-21","Dynamics_365_Onboarding_SKU","10000","2","9998"
"2024-11-21","POWER_BI_STANDARD","1000000","64622","935378"
"2024-11-21","MCOPSTNC","10000000","3102","9996898"
"2024-11-21","SPE_E5","3375","3260","115"
"2024-11-21","Power_Pages_vTrial_for_Makers","10000","0","10000"
"2024-11-21","POWERAPPS_PER_USER","100","4","96"
"2024-11-21","SMB_APPS","10","1","9"
"2024-11-21","AX7_USER_TRIAL","10000","0","10000"
"2024-11-21","POWERAPPS_PER_USER_BD_ONLY","6000","2672","3328"
"2024-11-21","M365_F1_COMM","0","0","0"
"2024-11-21","VIRTUAL_AGENT_ADDON","0","0","0"
"2024-11-21","RMSBASIC","1","0","1"
"2024-11-21","PROJECTPROFESSIONAL","40","30","10"
"2024-11-21","CPC_E_4C_16GB_256GB​","134","112","22"
"2024-11-21","SPE_F1","9500","9985","-485"
"2024-11-21","Microsoft_Teams_Rooms_Pro","28","3","25"
"2024-11-21","POWERAPPS_PER_APP","0","0","0"
"2024-11-21","Microsoft_Teams_Audio_Conferencing_select_dial_out","35000","0","35000"
"2024-11-21","POWERAPPS_DEV","10000","11","9989"
"2024-11-22","VISIOCLIENT","75","67","8"
"2024-11-22","STREAM","10000","120","9880"
"2024-11-22","DYN365_CUSTOMER_INSIGHTS_BASE","0","0","0"
"2024-11-22","Microsoft_365_F1_(no_Teams)","25500","24445","1055"
"2024-11-22","FLOW_PER_USER","0","4","-4"
"2024-11-22","VIRTUAL_AGENT_BASE","0","0","0"
"2024-11-22","Microsoft_365_Copilot","15","15","0"
"2024-11-22","DYN365_AI_SERVICE_INSIGHTS","10000","2","9998"
"2024-11-22","WINDOWS_STORE","25","0","25"
"2024-11-22","POWERAPPS_PER_APP_IW","10000","131","9869"
"2024-11-22","PROJECTESSENTIALS","10","11","-1"
"2024-11-22","FLOW_FREE","10000","6166","3834"
"2024-11-22","Power_Virtual_Agents","6","0","6"
"2024-11-22","MCOPSTN1","11","11","0"
"2024-11-22","PHONESYSTEM_VIRTUALUSER","30","3","27"
"2024-11-22","CCIBOTS_PRIVPREV_VIRAL","10000","4","9996"
"2024-11-22","PBI_PREMIUM_P1_ADDON","4","0","4"
"2024-11-22","FORMS_PRO","1000000","0","1000000"
"2024-11-22","POWERAPPS_VIRAL","10000","2300","7700"
"2024-11-22","DYN365_CUSTOMER_INSIGHTS_ADDON","0","0","0"
"2024-11-22","Microsoft_Teams_Premium","30","26","4"
"2024-11-22","SPE_F5_COMP","1500","1276","224"
"2024-11-22","DYN365_ENTERPRISE_CUSTOMER_SERVICE","0","0","0"
"2024-11-22","MEETING_ROOM","0","19","-19"
"2024-11-22","Dynamics_365_Onboarding_SKU","10000","2","9998"
"2024-11-22","POWER_BI_STANDARD","1000000","64646","935354"
"2024-11-22","MCOPSTNC","10000000","3102","9996898"
"2024-11-22","SPE_E5","3375","3260","115"
"2024-11-22","Power_Pages_vTrial_for_Makers","10000","0","10000"
"2024-11-22","POWERAPPS_PER_USER","100","5","95"
"2024-11-22","SMB_APPS","10","1","9"
"2024-11-22","AX7_USER_TRIAL","10000","0","10000"
"2024-11-22","POWERAPPS_PER_USER_BD_ONLY","6000","2669","3331"
"2024-11-22","M365_F1_COMM","0","0","0"
"2024-11-22","VIRTUAL_AGENT_ADDON","0","0","0"
"2024-11-22","RMSBASIC","1","0","1"
"2024-11-22","PROJECTPROFESSIONAL","40","30","10"
"2024-11-22","CPC_E_4C_16GB_256GB​","134","112","22"
"2024-11-22","SPE_F1","9500","9977","-477"
"2024-11-22","Microsoft_Teams_Rooms_Pro","28","3","25"
"2024-11-22","POWERAPPS_PER_APP","0","0","0"
"2024-11-22","Microsoft_Teams_Audio_Conferencing_select_dial_out","35000","0","35000"
"2024-11-22","POWERAPPS_DEV","10000","11","9989"
"2024-12-03","VISIOCLIENT","75","67","8"
"2024-12-03","STREAM","10000","120","9880"
"2024-12-03","DYN365_CUSTOMER_INSIGHTS_BASE","0","0","0"
"2024-12-03","Microsoft_365_F1_(no_Teams)","25500","24327","1173"
"2024-12-03","FLOW_PER_USER","0","4","-4"
"2024-12-03","VIRTUAL_AGENT_BASE","0","0","0"
"2024-12-03","Microsoft_365_Copilot","15","15","0"
"2024-12-03","DYN365_AI_SERVICE_INSIGHTS","10000","2","9998"
"2024-12-03","WINDOWS_STORE","25","0","25"
"2024-12-03","POWERAPPS_PER_APP_IW","10000","131","9869"
"2024-12-03","PROJECTESSENTIALS","10","11","-1"
"2024-12-03","FLOW_FREE","10000","6137","3863"
"2024-12-03","Power_Virtual_Agents","6","0","6"
"2024-12-03","MCOPSTN1","11","11","0"
"2024-12-03","PHONESYSTEM_VIRTUALUSER","30","3","27"
"2024-12-03","CCIBOTS_PRIVPREV_VIRAL","10000","4","9996"
"2024-12-03","PBI_PREMIUM_P1_ADDON","4","0","4"
"2024-12-03","FORMS_PRO","1000000","0","1000000"
"2024-12-03","POWERAPPS_VIRAL","10000","2295","7705"
"2024-12-03","DYN365_CUSTOMER_INSIGHTS_ADDON","0","0","0"
"2024-12-03","Microsoft_Teams_Premium","30","26","4"
"2024-12-03","SPE_F5_COMP","1500","1290","210"
"2024-12-03","DYN365_ENTERPRISE_CUSTOMER_SERVICE","0","0","0"
"2024-12-03","MEETING_ROOM","0","19","-19"
"2024-12-03","Dynamics_365_Onboarding_SKU","10000","2","9998"
"2024-12-03","POWER_BI_STANDARD","1000000","64606","935394"
"2024-12-03","MCOPSTNC","10000000","3111","9996889"
"2024-12-03","SPE_E5","3375","3268","107"
"2024-12-03","Power_Pages_vTrial_for_Makers","10000","0","10000"
"2024-12-03","POWERAPPS_PER_USER","100","8","92"
"2024-12-03","SMB_APPS","10","1","9"
"2024-12-03","AX7_USER_TRIAL","10000","0","10000"
"2024-12-03","POWERAPPS_PER_USER_BD_ONLY","6000","2698","3302"
"2024-12-03","M365_F1_COMM","0","0","0"
"2024-12-03","VIRTUAL_AGENT_ADDON","0","0","0"
"2024-12-03","RMSBASIC","1","0","1"
"2024-12-03","PROJECTPROFESSIONAL","40","30","10"
"2024-12-03","CPC_E_4C_16GB_256GB​","134","108","26"
"2024-12-03","SPE_F1","10100","10010","90"
"2024-12-03","Microsoft_Teams_Rooms_Pro","28","3","25"
"2024-12-03","POWERAPPS_PER_APP","0","0","0"
"2024-12-03","Microsoft_Teams_Audio_Conferencing_select_dial_out","35000","0","35000"
"2024-12-03","POWERAPPS_DEV","10000","11","9989"
"2024-12-04","VISIOCLIENT","75","67","8"
"2024-12-04","STREAM","10000","120","9880"
"2024-12-04","DYN365_CUSTOMER_INSIGHTS_BASE","0","0","0"
"2024-12-04","Microsoft_365_F1_(no_Teams)","25500","24345","1155"
"2024-12-04","FLOW_PER_USER","0","4","-4"
"2024-12-04","VIRTUAL_AGENT_BASE","0","0","0"
"2024-12-04","Microsoft_365_Copilot","15","15","0"
"2024-12-04","DYN365_AI_SERVICE_INSIGHTS","10000","2","9998"
"2024-12-04","WINDOWS_STORE","25","0","25"
"2024-12-04","POWERAPPS_PER_APP_IW","10000","131","9869"
"2024-12-04","PROJECTESSENTIALS","10","11","-1"
"2024-12-04","FLOW_FREE","10000","6136","3864"
"2024-12-04","Power_Virtual_Agents","6","0","6"
"2024-12-04","MCOPSTN1","11","11","0"
"2024-12-04","PHONESYSTEM_VIRTUALUSER","30","3","27"
"2024-12-04","CCIBOTS_PRIVPREV_VIRAL","10000","4","9996"
"2024-12-04","PBI_PREMIUM_P1_ADDON","4","0","4"
"2024-12-04","FORMS_PRO","1000000","0","1000000"
"2024-12-04","POWERAPPS_VIRAL","10000","2295","7705"
"2024-12-04","DYN365_CUSTOMER_INSIGHTS_ADDON","0","0","0"
"2024-12-04","Microsoft_Teams_Premium","30","26","4"
"2024-12-04","SPE_F5_COMP","1500","1290","210"
"2024-12-04","DYN365_ENTERPRISE_CUSTOMER_SERVICE","0","0","0"
"2024-12-04","MEETING_ROOM","0","19","-19"
"2024-12-04","Dynamics_365_Onboarding_SKU","10000","2","9998"
"2024-12-04","POWER_BI_STANDARD","1000000","64626","935374"
"2024-12-04","MCOPSTNC","10000000","3112","9996888"
"2024-12-04","SPE_E5","3375","3269","106"
"2024-12-04","Power_Pages_vTrial_for_Makers","10000","0","10000"
"2024-12-04","POWERAPPS_PER_USER","100","8","92"
"2024-12-04","SMB_APPS","10","1","9"
"2024-12-04","AX7_USER_TRIAL","10000","0","10000"
"2024-12-04","POWERAPPS_PER_USER_BD_ONLY","6000","2696","3304"
"2024-12-04","M365_F1_COMM","0","0","0"
"2024-12-04","VIRTUAL_AGENT_ADDON","0","0","0"
"2024-12-04","RMSBASIC","1","0","1"
"2024-12-04","PROJECTPROFESSIONAL","40","30","10"
"2024-12-04","CPC_E_4C_16GB_256GB​","134","108","26"
"2024-12-04","SPE_F1","10100","10012","88"
"2024-12-04","Microsoft_Teams_Rooms_Pro","28","3","25"
"2024-12-04","POWERAPPS_PER_APP","0","0","0"
"2024-12-04","Microsoft_Teams_Audio_Conferencing_select_dial_out","35000","0","35000"
"2024-12-04","POWERAPPS_DEV","10000","11","9989"
"2024-12-11","VISIOCLIENT","75","67","8"
"2024-12-11","STREAM","10000","120","9880"
"2024-12-11","DYN365_CUSTOMER_INSIGHTS_BASE","0","0","0"
"2024-12-11","Microsoft_365_F1_(no_Teams)","25500","24330","1170"
"2024-12-11","FLOW_PER_USER","0","4","-4"
"2024-12-11","VIRTUAL_AGENT_BASE","0","0","0"
"2024-12-11","Microsoft_365_Copilot","15","15","0"
"2024-12-11","DYN365_AI_SERVICE_INSIGHTS","10000","2","9998"
"2024-12-11","WINDOWS_STORE","25","0","25"
"2024-12-11","POWERAPPS_PER_APP_IW","10000","131","9869"
"2024-12-11","PROJECTESSENTIALS","10","11","-1"
"2024-12-11","FLOW_FREE","10000","6113","3887"
"2024-12-11","Power_Virtual_Agents","6","0","6"
"2024-12-11","MCOPSTN1","11","11","0"
"2024-12-11","PHONESYSTEM_VIRTUALUSER","30","3","27"
"2024-12-11","CCIBOTS_PRIVPREV_VIRAL","10000","4","9996"
"2024-12-11","PBI_PREMIUM_P1_ADDON","4","0","4"
"2024-12-11","FORMS_PRO","1000000","0","1000000"
"2024-12-11","POWERAPPS_VIRAL","10000","2292","7708"
"2024-12-11","DYN365_CUSTOMER_INSIGHTS_ADDON","0","0","0"
"2024-12-11","Microsoft_Teams_Premium","30","26","4"
"2024-12-11","SPE_F5_COMP","1500","1290","210"
"2024-12-11","DYN365_ENTERPRISE_CUSTOMER_SERVICE","0","0","0"
"2024-12-11","MEETING_ROOM","0","19","-19"
"2024-12-11","Dynamics_365_Onboarding_SKU","10000","2","9998"
"2024-12-11","POWER_BI_STANDARD","1000000","64630","935370"
"2024-12-11","MCOPSTNC","10000000","3101","9996899"
"2024-12-11","SPE_E5","3375","3258","117"
"2024-12-11","Power_Pages_vTrial_for_Makers","10000","0","10000"
"2024-12-11","POWERAPPS_PER_USER","100","15","85"
"2024-12-11","SMB_APPS","10","1","9"
"2024-12-11","AX7_USER_TRIAL","10000","0","10000"
"2024-12-11","POWERAPPS_PER_USER_BD_ONLY","6000","2702","3298"
"2024-12-11","M365_F1_COMM","0","0","0"
"2024-12-11","VIRTUAL_AGENT_ADDON","0","0","0"
"2024-12-11","RMSBASIC","1","0","1"
"2024-12-11","PROJECTPROFESSIONAL","40","29","11"
"2024-12-11","CPC_E_4C_16GB_256GB​","134","109","25"
"2024-12-11","SPE_F1","10100","10023","77"
"2024-12-11","Microsoft_Teams_Rooms_Pro","28","3","25"
"2024-12-11","POWERAPPS_PER_APP","0","0","0"
"2024-12-11","Microsoft_Teams_Audio_Conferencing_select_dial_out","35000","0","35000"
"2024-12-11","POWERAPPS_DEV","10000","11","9989"
"2024-12-12","VISIOCLIENT","75","67","8"
"2024-12-12","STREAM","10000","120","9880"
"2024-12-12","DYN365_CUSTOMER_INSIGHTS_BASE","0","0","0"
"2024-12-12","Microsoft_365_F1_(no_Teams)","25500","24352","1148"
"2024-12-12","FLOW_PER_USER","0","4","-4"
"2024-12-12","VIRTUAL_AGENT_BASE","0","0","0"
"2024-12-12","Microsoft_365_Copilot","15","15","0"
"2024-12-12","DYN365_AI_SERVICE_INSIGHTS","10000","2","9998"
"2024-12-12","WINDOWS_STORE","25","0","25"
"2024-12-12","POWERAPPS_PER_APP_IW","10000","131","9869"
"2024-12-12","PROJECTESSENTIALS","10","11","-1"
"2024-12-12","FLOW_FREE","10000","6112","3888"
"2024-12-12","Power_Virtual_Agents","6","0","6"
"2024-12-12","MCOPSTN1","11","11","0"
"2024-12-12","PHONESYSTEM_VIRTUALUSER","30","3","27"
"2024-12-12","CCIBOTS_PRIVPREV_VIRAL","10000","4","9996"
"2024-12-12","PBI_PREMIUM_P1_ADDON","4","0","4"
"2024-12-12","FORMS_PRO","1000000","0","1000000"
"2024-12-12","POWERAPPS_VIRAL","10000","2292","7708"
"2024-12-12","DYN365_CUSTOMER_INSIGHTS_ADDON","0","0","0"
"2024-12-12","Microsoft_Teams_Premium","30","26","4"
"2024-12-12","SPE_F5_COMP","1500","1294","206"
"2024-12-12","DYN365_ENTERPRISE_CUSTOMER_SERVICE","0","0","0"
"2024-12-12","MEETING_ROOM","0","19","-19"
"2024-12-12","Dynamics_365_Onboarding_SKU","10000","2","9998"
"2024-12-12","POWER_BI_STANDARD","1000000","64664","935336"
"2024-12-12","MCOPSTNC","10000000","3103","9996897"
"2024-12-12","SPE_E5","3375","3260","115"
"2024-12-12","Power_Pages_vTrial_for_Makers","10000","0","10000"
"2024-12-12","POWERAPPS_PER_USER","100","16","84"
"2024-12-12","SMB_APPS","10","1","9"
"2024-12-12","AX7_USER_TRIAL","10000","0","10000"
"2024-12-12","POWERAPPS_PER_USER_BD_ONLY","6000","2703","3297"
"2024-12-12","M365_F1_COMM","0","0","0"
"2024-12-12","VIRTUAL_AGENT_ADDON","0","0","0"
"2024-12-12","RMSBASIC","1","0","1"
"2024-12-12","PROJECTPROFESSIONAL","40","29","11"
"2024-12-12","CPC_E_4C_16GB_256GB​","134","109","25"
"2024-12-12","SPE_F1","10100","10025","75"
"2024-12-12","Microsoft_Teams_Rooms_Pro","28","3","25"
"2024-12-12","POWERAPPS_PER_APP","0","0","0"
"2024-12-12","Microsoft_Teams_Audio_Conferencing_select_dial_out","35000","0","35000"
"2024-12-12","POWERAPPS_DEV","10000","11","9989"
"2024-12-13","VISIOCLIENT","75","67","8"
"2024-12-13","STREAM","10000","120","9880"
"2024-12-13","DYN365_CUSTOMER_INSIGHTS_BASE","0","0","0"
"2024-12-13","Microsoft_365_F1_(no_Teams)","25500","24387","1113"
"2024-12-13","FLOW_PER_USER","0","4","-4"
"2024-12-13","VIRTUAL_AGENT_BASE","0","0","0"
"2024-12-13","Microsoft_365_Copilot","15","15","0"
"2024-12-13","DYN365_AI_SERVICE_INSIGHTS","10000","2","9998"
"2024-12-13","WINDOWS_STORE","25","0","25"
"2024-12-13","POWERAPPS_PER_APP_IW","10000","131","9869"
"2024-12-13","PROJECTESSENTIALS","10","11","-1"
"2024-12-13","FLOW_FREE","10000","6109","3891"
"2024-12-13","Power_Virtual_Agents","6","0","6"
"2024-12-13","MCOPSTN1","11","11","0"
"2024-12-13","PHONESYSTEM_VIRTUALUSER","30","3","27"
"2024-12-13","CCIBOTS_PRIVPREV_VIRAL","10000","4","9996"
"2024-12-13","PBI_PREMIUM_P1_ADDON","4","0","4"
"2024-12-13","FORMS_PRO","1000000","0","1000000"
"2024-12-13","POWERAPPS_VIRAL","10000","2292","7708"
"2024-12-13","DYN365_CUSTOMER_INSIGHTS_ADDON","0","0","0"
"2024-12-13","Microsoft_Teams_Premium","30","26","4"
"2024-12-13","SPE_F5_COMP","1500","1296","204"
"2024-12-13","DYN365_ENTERPRISE_CUSTOMER_SERVICE","0","0","0"
"2024-12-13","MEETING_ROOM","0","19","-19"
"2024-12-13","Dynamics_365_Onboarding_SKU","10000","2","9998"
"2024-12-13","POWER_BI_STANDARD","1000000","64708","935292"
"2024-12-13","MCOPSTNC","10000000","3106","9996894"
"2024-12-13","SPE_E5","3375","3263","112"
"2024-12-13","Power_Pages_vTrial_for_Makers","10000","0","10000"
"2024-12-13","POWERAPPS_PER_USER","100","16","84"
"2024-12-13","SMB_APPS","10","1","9"
"2024-12-13","AX7_USER_TRIAL","10000","0","10000"
"2024-12-13","POWERAPPS_PER_USER_BD_ONLY","6000","2705","3295"
"2024-12-13","M365_F1_COMM","0","0","0"
"2024-12-13","VIRTUAL_AGENT_ADDON","0","0","0"
"2024-12-13","RMSBASIC","1","0","1"
"2024-12-13","PROJECTPROFESSIONAL","40","29","11"
"2024-12-13","CPC_E_4C_16GB_256GB​","134","110","24"
"2024-12-13","SPE_F1","10100","10033","67"
"2024-12-13","Microsoft_Teams_Rooms_Pro","28","3","25"
"2024-12-13","POWERAPPS_PER_APP","0","0","0"
"2024-12-13","Microsoft_Teams_Audio_Conferencing_select_dial_out","35000","0","35000"
"2024-12-13","POWERAPPS_DEV","10000","11","9989"
"2024-12-16","VISIOCLIENT","75","67","8"
"2024-12-16","STREAM","10000","120","9880"
"2024-12-16","DYN365_CUSTOMER_INSIGHTS_BASE","0","0","0"
"2024-12-16","Microsoft_365_F1_(no_Teams)","25500","24377","1123"
"2024-12-16","FLOW_PER_USER","0","4","-4"
"2024-12-16","VIRTUAL_AGENT_BASE","0","0","0"
"2024-12-16","Microsoft_365_Copilot","15","15","0"
"2024-12-16","DYN365_AI_SERVICE_INSIGHTS","10000","2","9998"
"2024-12-16","WINDOWS_STORE","25","0","25"
"2024-12-16","POWERAPPS_PER_APP_IW","10000","131","9869"
"2024-12-16","PROJECTESSENTIALS","10","11","-1"
"2024-12-16","FLOW_FREE","10000","6102","3898"
"2024-12-16","Power_Virtual_Agents","6","0","6"
"2024-12-16","MCOPSTN1","11","11","0"
"2024-12-16","PHONESYSTEM_VIRTUALUSER","30","3","27"
"2024-12-16","CCIBOTS_PRIVPREV_VIRAL","10000","4","9996"
"2024-12-16","PBI_PREMIUM_P1_ADDON","4","0","4"
"2024-12-16","FORMS_PRO","1000000","0","1000000"
"2024-12-16","POWERAPPS_VIRAL","10000","2292","7708"
"2024-12-16","DYN365_CUSTOMER_INSIGHTS_ADDON","0","0","0"
"2024-12-16","Microsoft_Teams_Premium","30","26","4"
"2024-12-16","SPE_F5_COMP","1500","1297","203"
"2024-12-16","DYN365_ENTERPRISE_CUSTOMER_SERVICE","0","0","0"
"2024-12-16","MEETING_ROOM","0","19","-19"
"2024-12-16","Dynamics_365_Onboarding_SKU","10000","2","9998"
"2024-12-16","POWER_BI_STANDARD","1000000","64698","935302"
"2024-12-16","MCOPSTNC","10000000","3106","9996894"
"2024-12-16","SPE_E5","3375","3262","113"
"2024-12-16","Power_Pages_vTrial_for_Makers","10000","0","10000"
"2024-12-16","POWERAPPS_PER_USER","100","18","82"
"2024-12-16","SMB_APPS","10","1","9"
"2024-12-16","AX7_USER_TRIAL","10000","0","10000"
"2024-12-16","POWERAPPS_PER_USER_BD_ONLY","6000","2706","3294"
"2024-12-16","M365_F1_COMM","0","0","0"
"2024-12-16","VIRTUAL_AGENT_ADDON","0","0","0"
"2024-12-16","RMSBASIC","1","0","1"
"2024-12-16","PROJECTPROFESSIONAL","40","29","11"
"2024-12-16","CPC_E_4C_16GB_256GB​","134","110","24"
"2024-12-16","SPE_F1","10100","10032","68"
"2024-12-16","Microsoft_Teams_Rooms_Pro","28","3","25"
"2024-12-16","POWERAPPS_PER_APP","0","0","0"
"2024-12-16","Microsoft_Teams_Audio_Conferencing_select_dial_out","35000","0","35000"
"2024-12-16","POWERAPPS_DEV","10000","11","9989"
"2024-12-18","VISIOCLIENT","75","67","8"
"2024-12-18","STREAM","10000","120","9880"
"2024-12-18","DYN365_CUSTOMER_INSIGHTS_BASE","0","0","0"
"2024-12-18","Microsoft_365_F1_(no_Teams)","25500","24378","1122"
"2024-12-18","FLOW_PER_USER","0","4","-4"
"2024-12-18","VIRTUAL_AGENT_BASE","0","0","0"
"2024-12-18","Microsoft_365_Copilot","15","15","0"
"2024-12-18","DYN365_AI_SERVICE_INSIGHTS","10000","2","9998"
"2024-12-18","WINDOWS_STORE","25","0","25"
"2024-12-18","POWERAPPS_PER_APP_IW","10000","131","9869"
"2024-12-18","PROJECTESSENTIALS","10","11","-1"
"2024-12-18","FLOW_FREE","10000","6097","3903"
"2024-12-18","Power_Virtual_Agents","6","0","6"
"2024-12-18","MCOPSTN1","11","11","0"
"2024-12-18","PHONESYSTEM_VIRTUALUSER","30","3","27"
"2024-12-18","CCIBOTS_PRIVPREV_VIRAL","10000","4","9996"
"2024-12-18","PBI_PREMIUM_P1_ADDON","4","0","4"
"2024-12-18","FORMS_PRO","1000000","0","1000000"
"2024-12-18","POWERAPPS_VIRAL","10000","2291","7709"
"2024-12-18","DYN365_CUSTOMER_INSIGHTS_ADDON","0","0","0"
"2024-12-18","Microsoft_Teams_Premium","30","26","4"
"2024-12-18","SPE_F5_COMP","1500","1302","198"
"2024-12-18","DYN365_ENTERPRISE_CUSTOMER_SERVICE","0","0","0"
"2024-12-18","MEETING_ROOM","0","19","-19"
"2024-12-18","Dynamics_365_Onboarding_SKU","10000","2","9998"
"2024-12-18","POWER_BI_STANDARD","1000000","64703","935297"
"2024-12-18","MCOPSTNC","10000000","3111","9996889"
"2024-12-18","SPE_E5","3375","3267","108"
"2024-12-18","Power_Pages_vTrial_for_Makers","10000","0","10000"
"2024-12-18","POWERAPPS_PER_USER","100","21","79"
"2024-12-18","SMB_APPS","10","1","9"
"2024-12-18","AX7_USER_TRIAL","10000","0","10000"
"2024-12-18","POWERAPPS_PER_USER_BD_ONLY","6000","2699","3301"
"2024-12-18","M365_F1_COMM","0","0","0"
"2024-12-18","VIRTUAL_AGENT_ADDON","0","0","0"
"2024-12-18","RMSBASIC","1","0","1"
"2024-12-18","PROJECTPROFESSIONAL","40","29","11"
"2024-12-18","CPC_E_4C_16GB_256GB​","134","110","24"
"2024-12-18","SPE_F1","10100","10033","67"
"2024-12-18","Microsoft_Teams_Rooms_Pro","28","3","25"
"2024-12-18","POWERAPPS_PER_APP","0","0","0"
"2024-12-18","Microsoft_Teams_Audio_Conferencing_select_dial_out","35000","0","35000"
"2024-12-18","POWERAPPS_DEV","10000","11","9989"
"2024-12-19","VISIOCLIENT","75","67","8"
"2024-12-19","STREAM","10000","120","9880"
"2024-12-19","DYN365_CUSTOMER_INSIGHTS_BASE","0","0","0"
"2024-12-19","Microsoft_365_F1_(no_Teams)","25500","24387","1113"
"2024-12-19","FLOW_PER_USER","0","4","-4"
"2024-12-19","VIRTUAL_AGENT_BASE","0","0","0"
"2024-12-19","Microsoft_365_Copilot","15","15","0"
"2024-12-19","DYN365_AI_SERVICE_INSIGHTS","10000","2","9998"
"2024-12-19","WINDOWS_STORE","25","0","25"
"2024-12-19","POWERAPPS_PER_APP_IW","10000","131","9869"
"2024-12-19","PROJECTESSENTIALS","10","11","-1"
"2024-12-19","FLOW_FREE","10000","6095","3905"
"2024-12-19","Power_Virtual_Agents","6","0","6"
"2024-12-19","MCOPSTN1","11","11","0"
"2024-12-19","PHONESYSTEM_VIRTUALUSER","30","3","27"
"2024-12-19","CCIBOTS_PRIVPREV_VIRAL","10000","4","9996"
"2024-12-19","PBI_PREMIUM_P1_ADDON","4","0","4"
"2024-12-19","FORMS_PRO","1000000","0","1000000"
"2024-12-19","POWERAPPS_VIRAL","10000","2291","7709"
"2024-12-19","DYN365_CUSTOMER_INSIGHTS_ADDON","0","0","0"
"2024-12-19","Microsoft_Teams_Premium","30","26","4"
"2024-12-19","SPE_F5_COMP","1500","1300","200"
"2024-12-19","DYN365_ENTERPRISE_CUSTOMER_SERVICE","0","0","0"
"2024-12-19","MEETING_ROOM","0","19","-19"
"2024-12-19","Dynamics_365_Onboarding_SKU","10000","2","9998"
"2024-12-19","POWER_BI_STANDARD","1000000","64716","935284"
"2024-12-19","MCOPSTNC","10000000","3111","9996889"
"2024-12-19","SPE_E5","3375","3267","108"
"2024-12-19","Power_Pages_vTrial_for_Makers","10000","0","10000"
"2024-12-19","POWERAPPS_PER_USER","100","21","79"
"2024-12-19","SMB_APPS","10","1","9"
"2024-12-19","AX7_USER_TRIAL","10000","0","10000"
"2024-12-19","POWERAPPS_PER_USER_BD_ONLY","6000","2699","3301"
"2024-12-19","M365_F1_COMM","0","0","0"
"2024-12-19","VIRTUAL_AGENT_ADDON","0","0","0"
"2024-12-19","RMSBASIC","1","0","1"
"2024-12-19","PROJECTPROFESSIONAL","40","29","11"
"2024-12-19","CPC_E_4C_16GB_256GB​","134","110","24"
"2024-12-19","SPE_F1","10100","10035","65"
"2024-12-19","Microsoft_Teams_Rooms_Pro","28","3","25"
"2024-12-19","POWERAPPS_PER_APP","0","0","0"
"2024-12-19","Microsoft_Teams_Audio_Conferencing_select_dial_out","35000","0","35000"
"2024-12-19","POWERAPPS_DEV","10000","11","9989"
"2024-12-20","VISIOCLIENT","75","67","8"
"2024-12-20","STREAM","10000","120","9880"
"2024-12-20","DYN365_CUSTOMER_INSIGHTS_BASE","0","0","0"
"2024-12-20","Microsoft_365_F1_(no_Teams)","25500","24379","1121"
"2024-12-20","FLOW_PER_USER","0","4","-4"
"2024-12-20","VIRTUAL_AGENT_BASE","0","0","0"
"2024-12-20","Microsoft_365_Copilot","15","15","0"
"2024-12-20","DYN365_AI_SERVICE_INSIGHTS","10000","2","9998"
"2024-12-20","WINDOWS_STORE","25","0","25"
"2024-12-20","POWERAPPS_PER_APP_IW","10000","131","9869"
"2024-12-20","PROJECTESSENTIALS","10","10","0"
"2024-12-20","FLOW_FREE","10000","6089","3911"
"2024-12-20","Power_Virtual_Agents","6","0","6"
"2024-12-20","MCOPSTN1","11","11","0"
"2024-12-20","PHONESYSTEM_VIRTUALUSER","30","3","27"
"2024-12-20","CCIBOTS_PRIVPREV_VIRAL","10000","4","9996"
"2024-12-20","PBI_PREMIUM_P1_ADDON","4","0","4"
"2024-12-20","FORMS_PRO","1000000","0","1000000"
"2024-12-20","POWERAPPS_VIRAL","10000","2290","7710"
"2024-12-20","DYN365_CUSTOMER_INSIGHTS_ADDON","0","0","0"
"2024-12-20","Microsoft_Teams_Premium","30","28","2"
"2024-12-20","SPE_F5_COMP","1500","1300","200"
"2024-12-20","DYN365_ENTERPRISE_CUSTOMER_SERVICE","0","0","0"
"2024-12-20","MEETING_ROOM","0","19","-19"
"2024-12-20","Dynamics_365_Onboarding_SKU","10000","2","9998"
"2024-12-20","POWER_BI_STANDARD","1000000","64713","935287"
"2024-12-20","MCOPSTNC","10000000","3111","9996889"
"2024-12-20","SPE_E5","3375","3265","110"
"2024-12-20","Power_Pages_vTrial_for_Makers","10000","0","10000"
"2024-12-20","POWERAPPS_PER_USER","100","21","79"
"2024-12-20","SMB_APPS","10","1","9"
"2024-12-20","AX7_USER_TRIAL","10000","0","10000"
"2024-12-20","POWERAPPS_PER_USER_BD_ONLY","6000","2696","3304"
"2024-12-20","M365_F1_COMM","0","0","0"
"2024-12-20","VIRTUAL_AGENT_ADDON","0","0","0"
"2024-12-20","RMSBASIC","1","0","1"
"2024-12-20","PROJECTPROFESSIONAL","40","29","11"
"2024-12-20","CPC_E_4C_16GB_256GB​","134","110","24"
"2024-12-20","SPE_F1","10100","10034","66"
"2024-12-20","Microsoft_Teams_Rooms_Pro","28","3","25"
"2024-12-20","POWERAPPS_PER_APP","0","0","0"
"2024-12-20","Microsoft_Teams_Audio_Conferencing_select_dial_out","35000","0","35000"
"2024-12-20","POWERAPPS_DEV","10000","11","9989"
"2024-12-26","VISIOCLIENT","75","67","8"
"2024-12-26","STREAM","10000","120","9880"
"2024-12-26","DYN365_CUSTOMER_INSIGHTS_BASE","0","0","0"
"2024-12-26","Microsoft_365_F1_(no_Teams)","25500","24327","1173"
"2024-12-26","FLOW_PER_USER","0","4","-4"
"2024-12-26","VIRTUAL_AGENT_BASE","0","0","0"
"2024-12-26","Microsoft_365_Copilot","15","15","0"
"2024-12-26","DYN365_AI_SERVICE_INSIGHTS","10000","2","9998"
"2024-12-26","WINDOWS_STORE","25","0","25"
"2024-12-26","POWERAPPS_PER_APP_IW","10000","130","9870"
"2024-12-26","PROJECTESSENTIALS","10","10","0"
"2024-12-26","FLOW_FREE","10000","6067","3933"
"2024-12-26","Power_Virtual_Agents","6","0","6"
"2024-12-26","MCOPSTN1","11","11","0"
"2024-12-26","PHONESYSTEM_VIRTUALUSER","30","3","27"
"2024-12-26","CCIBOTS_PRIVPREV_VIRAL","10000","4","9996"
"2024-12-26","PBI_PREMIUM_P1_ADDON","4","0","4"
"2024-12-26","FORMS_PRO","1000000","0","1000000"
"2024-12-26","POWERAPPS_VIRAL","10000","2285","7715"
"2024-12-26","DYN365_CUSTOMER_INSIGHTS_ADDON","0","0","0"
"2024-12-26","Microsoft_Teams_Premium","30","28","2"
"2024-12-26","SPE_F5_COMP","1500","1301","199"
"2024-12-26","DYN365_ENTERPRISE_CUSTOMER_SERVICE","0","0","0"
"2024-12-26","MEETING_ROOM","0","19","-19"
"2024-12-26","Dynamics_365_Onboarding_SKU","10000","2","9998"
"2024-12-26","POWER_BI_STANDARD","1000000","64654","935346"
"2024-12-26","MCOPSTNC","10000000","3100","9996900"
"2024-12-26","SPE_E5","3375","3254","121"
"2024-12-26","Power_Pages_vTrial_for_Makers","10000","0","10000"
"2024-12-26","POWERAPPS_PER_USER","100","22","78"
"2024-12-26","SMB_APPS","10","1","9"
"2024-12-26","AX7_USER_TRIAL","10000","0","10000"
"2024-12-26","POWERAPPS_PER_USER_BD_ONLY","6000","2701","3299"
"2024-12-26","M365_F1_COMM","0","0","0"
"2024-12-26","VIRTUAL_AGENT_ADDON","0","0","0"
"2024-12-26","RMSBASIC","1","0","1"
"2024-12-26","PROJECTPROFESSIONAL","40","29","11"
"2024-12-26","CPC_E_4C_16GB_256GB​","134","110","24"
"2024-12-26","SPE_F1","10100","10041","59"
"2024-12-26","Microsoft_Teams_Rooms_Pro","28","3","25"
"2024-12-26","POWERAPPS_PER_APP","0","0","0"
"2024-12-26","Microsoft_Teams_Audio_Conferencing_select_dial_out","35000","0","35000"
"2024-12-26","POWERAPPS_DEV","10000","11","9989"
"2024-12-30","VISIOCLIENT","75","67","8"
"2024-12-30","STREAM","10000","120","9880"
"2024-12-30","DYN365_CUSTOMER_INSIGHTS_BASE","0","0","0"
"2024-12-30","Microsoft_365_F1_(no_Teams)","25500","24242","1258"
"2024-12-30","FLOW_PER_USER","0","4","-4"
"2024-12-30","VIRTUAL_AGENT_BASE","0","0","0"
"2024-12-30","Microsoft_365_Copilot","15","15","0"
"2024-12-30","DYN365_AI_SERVICE_INSIGHTS","10000","2","9998"
"2024-12-30","WINDOWS_STORE","25","0","25"
"2024-12-30","POWERAPPS_PER_APP_IW","10000","130","9870"
"2024-12-30","PROJECTESSENTIALS","10","10","0"
"2024-12-30","FLOW_FREE","10000","6060","3940"
"2024-12-30","Power_Virtual_Agents","6","0","6"
"2024-12-30","MCOPSTN1","11","11","0"
"2024-12-30","PHONESYSTEM_VIRTUALUSER","30","3","27"
"2024-12-30","CCIBOTS_PRIVPREV_VIRAL","10000","4","9996"
"2024-12-30","PBI_PREMIUM_P1_ADDON","4","0","4"
"2024-12-30","FORMS_PRO","1000000","0","1000000"
"2024-12-30","POWERAPPS_VIRAL","10000","2284","7716"
"2024-12-30","DYN365_CUSTOMER_INSIGHTS_ADDON","0","0","0"
"2024-12-30","Microsoft_Teams_Premium","30","28","2"
"2024-12-30","SPE_F5_COMP","1500","1301","199"
"2024-12-30","DYN365_ENTERPRISE_CUSTOMER_SERVICE","0","0","0"
"2024-12-30","MEETING_ROOM","0","19","-19"
"2024-12-30","Dynamics_365_Onboarding_SKU","10000","2","9998"
"2024-12-30","POWER_BI_STANDARD","1000000","64563","935437"
"2024-12-30","MCOPSTNC","10000000","3100","9996900"
"2024-12-30","SPE_E5","3375","3254","121"
"2024-12-30","Power_Pages_vTrial_for_Makers","10000","0","10000"
"2024-12-30","POWERAPPS_PER_USER","100","23","77"
"2024-12-30","SMB_APPS","10","1","9"
"2024-12-30","AX7_USER_TRIAL","10000","0","10000"
"2024-12-30","POWERAPPS_PER_USER_BD_ONLY","6000","2703","3297"
"2024-12-30","M365_F1_COMM","0","0","0"
"2024-12-30","VIRTUAL_AGENT_ADDON","0","0","0"
"2024-12-30","RMSBASIC","1","0","1"
"2024-12-30","PROJECTPROFESSIONAL","40","29","11"
"2024-12-30","CPC_E_4C_16GB_256GB​","134","111","23"
"2024-12-30","SPE_F1","10100","10039","61"
"2024-12-30","Microsoft_Teams_Rooms_Pro","28","3","25"
"2024-12-30","POWERAPPS_PER_APP","0","0","0"
"2024-12-30","Microsoft_Teams_Audio_Conferencing_select_dial_out","35000","0","35000"
"2024-12-30","POWERAPPS_DEV","10000","11","9989"
"2025-01-06","VISIOCLIENT","75","66","9"
"2025-01-06","STREAM","10000","120","9880"
"2025-01-06","DYN365_CUSTOMER_INSIGHTS_BASE","0","0","0"
"2025-01-06","Microsoft_365_F1_(no_Teams)","25500","24154","1346"
"2025-01-06","FLOW_PER_USER","0","4","-4"
"2025-01-06","Microsoft_365_Copilot","15","15","0"
"2025-01-06","DYN365_AI_SERVICE_INSIGHTS","10000","2","9998"
"2025-01-06","WINDOWS_STORE","25","0","25"
"2025-01-06","POWERAPPS_PER_APP_IW","10000","130","9870"
"2025-01-06","PROJECTESSENTIALS","10","10","0"
"2025-01-06","FLOW_FREE","10000","6031","3969"
"2025-01-06","Power_Virtual_Agents","6","0","6"
"2025-01-06","MCOPSTN1","11","11","0"
"2025-01-06","PHONESYSTEM_VIRTUALUSER","30","3","27"
"2025-01-06","CCIBOTS_PRIVPREV_VIRAL","10000","4","9996"
"2025-01-06","PBI_PREMIUM_P1_ADDON","4","0","4"
"2025-01-06","FORMS_PRO","1000000","0","1000000"
"2025-01-06","POWERAPPS_VIRAL","10000","2278","7722"
"2025-01-06","DYN365_CUSTOMER_INSIGHTS_ADDON","0","0","0"
"2025-01-06","Microsoft_Teams_Premium","30","28","2"
"2025-01-06","SPE_F5_COMP","1500","1306","194"
"2025-01-06","DYN365_ENTERPRISE_CUSTOMER_SERVICE","0","0","0"
"2025-01-06","MEETING_ROOM","0","0","0"
"2025-01-06","Dynamics_365_Onboarding_SKU","10000","2","9998"
"2025-01-06","POWER_BI_STANDARD","1000000","64489","935511"
"2025-01-06","MCOPSTNC","10000000","3095","9996905"
"2025-01-06","SPE_E5","3375","3238","137"
"2025-01-06","Power_Pages_vTrial_for_Makers","10000","0","10000"
"2025-01-06","POWERAPPS_PER_USER","100","31","69"
"2025-01-06","SMB_APPS","10","1","9"
"2025-01-06","AX7_USER_TRIAL","10000","0","10000"
"2025-01-06","POWERAPPS_PER_USER_BD_ONLY","6000","2694","3306"
"2025-01-06","M365_F1_COMM","0","0","0"
"2025-01-06","VIRTUAL_AGENT_ADDON","0","0","0"
"2025-01-06","RMSBASIC","1","0","1"
"2025-01-06","PROJECTPROFESSIONAL","40","29","11"
"2025-01-06","CPC_E_4C_16GB_256GB​","134","112","22"
"2025-01-06","SPE_F1","10100","10061","39"
"2025-01-06","Microsoft_Teams_Rooms_Pro","28","24","4"
"2025-01-06","POWERAPPS_PER_APP","0","0","0"
"2025-01-06","Microsoft_Teams_Audio_Conferencing_select_dial_out","35000","0","35000"
"2025-01-06","POWERAPPS_DEV","10000","11","9989"
"2025-01-07","VISIOCLIENT","75","66","9"
"2025-01-07","STREAM","10000","120","9880"
"2025-01-07","DYN365_CUSTOMER_INSIGHTS_BASE","0","0","0"
"2025-01-07","Microsoft_365_F1_(no_Teams)","25500","24126","1374"
"2025-01-07","FLOW_PER_USER","0","4","-4"
"2025-01-07","Microsoft_365_Copilot","15","15","0"
"2025-01-07","DYN365_AI_SERVICE_INSIGHTS","10000","2","9998"
"2025-01-07","WINDOWS_STORE","25","0","25"
"2025-01-07","POWERAPPS_PER_APP_IW","10000","130","9870"
"2025-01-07","PROJECTESSENTIALS","10","10","0"
"2025-01-07","FLOW_FREE","10000","6025","3975"
"2025-01-07","Power_Virtual_Agents","6","0","6"
"2025-01-07","MCOPSTN1","11","11","0"
"2025-01-07","PHONESYSTEM_VIRTUALUSER","30","3","27"
"2025-01-07","CCIBOTS_PRIVPREV_VIRAL","10000","4","9996"
"2025-01-07","PBI_PREMIUM_P1_ADDON","4","0","4"
"2025-01-07","FORMS_PRO","1000000","0","1000000"
"2025-01-07","POWERAPPS_VIRAL","10000","2277","7723"
"2025-01-07","DYN365_CUSTOMER_INSIGHTS_ADDON","0","0","0"
"2025-01-07","Microsoft_Teams_Premium","30","28","2"
"2025-01-07","SPE_F5_COMP","1500","1305","195"
"2025-01-07","DYN365_ENTERPRISE_CUSTOMER_SERVICE","0","0","0"
"2025-01-07","MEETING_ROOM","0","0","0"
"2025-01-07","Dynamics_365_Onboarding_SKU","10000","2","9998"
"2025-01-07","POWER_BI_STANDARD","1000000","64458","935542"
"2025-01-07","MCOPSTNC","10000000","3095","9996905"
"2025-01-07","SPE_E5","3375","3238","137"
"2025-01-07","Power_Pages_vTrial_for_Makers","10000","0","10000"
"2025-01-07","POWERAPPS_PER_USER","100","32","68"
"2025-01-07","SMB_APPS","10","1","9"
"2025-01-07","AX7_USER_TRIAL","10000","0","10000"
"2025-01-07","POWERAPPS_PER_USER_BD_ONLY","6000","2693","3307"
"2025-01-07","M365_F1_COMM","0","0","0"
"2025-01-07","VIRTUAL_AGENT_ADDON","0","0","0"
"2025-01-07","RMSBASIC","1","0","1"
"2025-01-07","PROJECTPROFESSIONAL","40","29","11"
"2025-01-07","CPC_E_4C_16GB_256GB​","134","112","22"
"2025-01-07","SPE_F1","10100","10055","45"
"2025-01-07","Microsoft_Teams_Rooms_Pro","28","24","4"
"2025-01-07","POWERAPPS_PER_APP","0","0","0"
"2025-01-07","Microsoft_Teams_Audio_Conferencing_select_dial_out","35000","0","35000"
"2025-01-07","POWERAPPS_DEV","10000","11","9989"
"2025-01-08","VISIOCLIENT","75","66","9"
"2025-01-08","STREAM","10000","120","9880"
"2025-01-08","DYN365_CUSTOMER_INSIGHTS_BASE","0","0","0"
"2025-01-08","Microsoft_365_F1_(no_Teams)","25500","24123","1377"
"2025-01-08","FLOW_PER_USER","0","4","-4"
"2025-01-08","Microsoft_365_Copilot","15","15","0"
"2025-01-08","DYN365_AI_SERVICE_INSIGHTS","10000","2","9998"
"2025-01-08","WINDOWS_STORE","25","0","25"
"2025-01-08","POWERAPPS_PER_APP_IW","10000","130","9870"
"2025-01-08","PROJECTESSENTIALS","10","10","0"
"2025-01-08","FLOW_FREE","10000","6024","3976"
"2025-01-08","Power_Virtual_Agents","6","0","6"
"2025-01-08","MCOPSTN1","11","11","0"
"2025-01-08","PHONESYSTEM_VIRTUALUSER","30","3","27"
"2025-01-08","CCIBOTS_PRIVPREV_VIRAL","10000","4","9996"
"2025-01-08","PBI_PREMIUM_P1_ADDON","4","0","4"
"2025-01-08","FORMS_PRO","1000000","0","1000000"
"2025-01-08","POWERAPPS_VIRAL","10000","2277","7723"
"2025-01-08","DYN365_CUSTOMER_INSIGHTS_ADDON","0","0","0"
"2025-01-08","Microsoft_Teams_Premium","30","28","2"
"2025-01-08","SPE_F5_COMP","1500","1305","195"
"2025-01-08","DYN365_ENTERPRISE_CUSTOMER_SERVICE","0","0","0"
"2025-01-08","MEETING_ROOM","0","0","0"
"2025-01-08","Dynamics_365_Onboarding_SKU","10000","2","9998"
"2025-01-08","POWER_BI_STANDARD","1000000","64469","935531"
"2025-01-08","MCOPSTNC","10000000","3103","9996897"
"2025-01-08","SPE_E5","3375","3246","129"
"2025-01-08","Power_Pages_vTrial_for_Makers","10000","0","10000"
"2025-01-08","POWERAPPS_PER_USER","100","37","63"
"2025-01-08","SMB_APPS","10","1","9"
"2025-01-08","AX7_USER_TRIAL","10000","0","10000"
"2025-01-08","POWERAPPS_PER_USER_BD_ONLY","6000","2694","3306"
"2025-01-08","M365_F1_COMM","0","0","0"
"2025-01-08","VIRTUAL_AGENT_ADDON","0","0","0"
"2025-01-08","RMSBASIC","1","0","1"
"2025-01-08","PROJECTPROFESSIONAL","40","29","11"
"2025-01-08","CPC_E_4C_16GB_256GB​","134","112","22"
"2025-01-08","SPE_F1","10240","10062","178"
"2025-01-08","Microsoft_Teams_Rooms_Pro","28","24","4"
"2025-01-08","POWERAPPS_PER_APP","0","0","0"
"2025-01-08","Microsoft_Teams_Audio_Conferencing_select_dial_out","35000","0","35000"
"2025-01-08","POWERAPPS_DEV","10000","11","9989"
"2025-01-10","VISIOCLIENT","75","66","9"
"2025-01-10","STREAM","10000","120","9880"
"2025-01-10","DYN365_CUSTOMER_INSIGHTS_BASE","0","0","0"
"2025-01-10","Microsoft_365_F1_(no_Teams)","25500","24103","1397"
"2025-01-10","FLOW_PER_USER","0","4","-4"
"2025-01-10","Microsoft_365_Copilot","15","15","0"
"2025-01-10","DYN365_AI_SERVICE_INSIGHTS","10000","2","9998"
"2025-01-10","WINDOWS_STORE","25","0","25"
"2025-01-10","POWERAPPS_PER_APP_IW","10000","130","9870"
"2025-01-10","PROJECTESSENTIALS","10","10","0"
"2025-01-10","FLOW_FREE","10000","6020","3980"
"2025-01-10","Power_Virtual_Agents","6","0","6"
"2025-01-10","MCOPSTN1","11","11","0"
"2025-01-10","PHONESYSTEM_VIRTUALUSER","30","3","27"
"2025-01-10","CCIBOTS_PRIVPREV_VIRAL","10000","4","9996"
"2025-01-10","PBI_PREMIUM_P1_ADDON","4","0","4"
"2025-01-10","FORMS_PRO","1000000","0","1000000"
"2025-01-10","POWERAPPS_VIRAL","10000","2277","7723"
"2025-01-10","DYN365_CUSTOMER_INSIGHTS_ADDON","0","0","0"
"2025-01-10","Microsoft_Teams_Premium","30","28","2"
"2025-01-10","SPE_F5_COMP","1500","1305","195"
"2025-01-10","DYN365_ENTERPRISE_CUSTOMER_SERVICE","0","0","0"
"2025-01-10","MEETING_ROOM","0","0","0"
"2025-01-10","Dynamics_365_Onboarding_SKU","10000","2","9998"
"2025-01-10","POWER_BI_STANDARD","1000000","64177","935823"
"2025-01-10","MCOPSTNC","10000000","3107","9996893"
"2025-01-10","SPE_E5","3375","3251","124"
"2025-01-10","Power_Pages_vTrial_for_Makers","10000","0","10000"
"2025-01-10","POWERAPPS_PER_USER","100","40","60"
"2025-01-10","SMB_APPS","10","1","9"
"2025-01-10","AX7_USER_TRIAL","10000","0","10000"
"2025-01-10","POWERAPPS_PER_USER_BD_ONLY","6000","2692","3308"
"2025-01-10","M365_F1_COMM","0","0","0"
"2025-01-10","VIRTUAL_AGENT_ADDON","0","0","0"
"2025-01-10","RMSBASIC","1","0","1"
"2025-01-10","PROJECTPROFESSIONAL","40","31","9"
"2025-01-10","CPC_E_4C_16GB_256GB​","134","112","22"
"2025-01-10","SPE_F1","10240","10061","179"
"2025-01-10","Microsoft_Teams_Rooms_Pro","28","24","4"
"2025-01-10","POWERAPPS_PER_APP","0","0","0"
"2025-01-10","Microsoft_Teams_Audio_Conferencing_select_dial_out","35000","0","35000"
"2025-01-10","POWERAPPS_DEV","10000","11","9989"
"2025-01-10","VISIOCLIENT","75","66","9"
"2025-01-10","STREAM","10000","120","9880"
"2025-01-10","DYN365_CUSTOMER_INSIGHTS_BASE","0","0","0"
"2025-01-10","Microsoft_365_F1_(no_Teams)","25500","24076","1424"
"2025-01-10","FLOW_PER_USER","0","4","-4"
"2025-01-10","Microsoft_365_Copilot","15","15","0"
"2025-01-10","DYN365_AI_SERVICE_INSIGHTS","10000","2","9998"
"2025-01-10","WINDOWS_STORE","25","0","25"
"2025-01-10","POWERAPPS_PER_APP_IW","10000","130","9870"
"2025-01-10","PROJECTESSENTIALS","10","10","0"
"2025-01-10","FLOW_FREE","10000","6020","3980"
"2025-01-10","Power_Virtual_Agents","6","0","6"
"2025-01-10","MCOPSTN1","11","11","0"
"2025-01-10","PHONESYSTEM_VIRTUALUSER","30","3","27"
"2025-01-10","CCIBOTS_PRIVPREV_VIRAL","10000","4","9996"
"2025-01-10","PBI_PREMIUM_P1_ADDON","4","0","4"
"2025-01-10","FORMS_PRO","1000000","0","1000000"
"2025-01-10","POWERAPPS_VIRAL","10000","2277","7723"
"2025-01-10","DYN365_CUSTOMER_INSIGHTS_ADDON","0","0","0"
"2025-01-10","Microsoft_Teams_Premium","30","28","2"
"2025-01-10","SPE_F5_COMP","1500","1307","193"
"2025-01-10","DYN365_ENTERPRISE_CUSTOMER_SERVICE","0","0","0"
"2025-01-10","MEETING_ROOM","0","0","0"
"2025-01-10","Dynamics_365_Onboarding_SKU","10000","2","9998"
"2025-01-10","POWER_BI_STANDARD","1000000","64193","935807"
"2025-01-10","MCOPSTNC","10000000","3106","9996894"
"2025-01-10","SPE_E5","3375","3250","125"
"2025-01-10","Power_Pages_vTrial_for_Makers","10000","0","10000"
"2025-01-10","POWERAPPS_PER_USER","100","40","60"
"2025-01-10","SMB_APPS","10","1","9"
"2025-01-10","AX7_USER_TRIAL","10000","0","10000"
"2025-01-10","POWERAPPS_PER_USER_BD_ONLY","6000","2692","3308"
"2025-01-10","M365_F1_COMM","0","0","0"
"2025-01-10","VIRTUAL_AGENT_ADDON","0","0","0"
"2025-01-10","RMSBASIC","1","0","1"
"2025-01-10","PROJECTPROFESSIONAL","40","31","9"
"2025-01-10","CPC_E_4C_16GB_256GB​","134","112","22"
"2025-01-10","SPE_F1","10240","10107","133"
"2025-01-10","Microsoft_Teams_Rooms_Pro","28","24","4"
"2025-01-10","POWERAPPS_PER_APP","0","0","0"
"2025-01-10","Microsoft_Teams_Audio_Conferencing_select_dial_out","35000","0","35000"
"2025-01-10","POWERAPPS_DEV","10000","11","9989"
"2025-01-14","VISIOCLIENT","75","66","9"
"2025-01-14","STREAM","10000","120","9880"
"2025-01-14","DYN365_CUSTOMER_INSIGHTS_BASE","0","0","0"
"2025-01-14","Microsoft_365_F1_(no_Teams)","25500","24008","1492"
"2025-01-14","FLOW_PER_USER","0","4","-4"
"2025-01-14","Microsoft_365_Copilot","15","15","0"
"2025-01-14","DYN365_AI_SERVICE_INSIGHTS","10000","2","9998"
"2025-01-14","WINDOWS_STORE","25","0","25"
"2025-01-14","POWERAPPS_PER_APP_IW","10000","130","9870"
"2025-01-14","PROJECTESSENTIALS","10","10","0"
"2025-01-14","FLOW_FREE","10000","6007","3993"
"2025-01-14","Power_Virtual_Agents","6","0","6"
"2025-01-14","MCOPSTN1","11","11","0"
"2025-01-14","PHONESYSTEM_VIRTUALUSER","30","3","27"
"2025-01-14","CCIBOTS_PRIVPREV_VIRAL","10000","4","9996"
"2025-01-14","PBI_PREMIUM_P1_ADDON","4","0","4"
"2025-01-14","FORMS_PRO","1000000","0","1000000"
"2025-01-14","POWERAPPS_VIRAL","10000","2276","7724"
"2025-01-14","DYN365_CUSTOMER_INSIGHTS_ADDON","0","0","0"
"2025-01-14","Microsoft_Teams_Premium","35","28","7"
"2025-01-14","SPE_F5_COMP","1500","1308","192"
"2025-01-14","DYN365_ENTERPRISE_CUSTOMER_SERVICE","0","0","0"
"2025-01-14","MEETING_ROOM","0","0","0"
"2025-01-14","Dynamics_365_Onboarding_SKU","10000","2","9998"
"2025-01-14","POWER_BI_STANDARD","1000000","64140","935860"
"2025-01-14","MCOPSTNC","10000000","3115","9996885"
"2025-01-14","SPE_E5","3375","3255","120"
"2025-01-14","Power_Pages_vTrial_for_Makers","10000","0","10000"
"2025-01-14","POWERAPPS_PER_USER","100","41","59"
"2025-01-14","SMB_APPS","10","1","9"
"2025-01-14","AX7_USER_TRIAL","10000","0","10000"
"2025-01-14","POWERAPPS_PER_USER_BD_ONLY","6000","2692","3308"
"2025-01-14","M365_F1_COMM","0","0","0"
"2025-01-14","VIRTUAL_AGENT_ADDON","0","0","0"
"2025-01-14","RMSBASIC","1","0","1"
"2025-01-14","PROJECTPROFESSIONAL","40","31","9"
"2025-01-14","POWERAUTOMATE_ATTENDED_RPA","3","3","0"
"2025-01-14","CPC_E_4C_16GB_256GB​","134","113","21"
"2025-01-14","SPE_F1","10240","10110","130"
"2025-01-14","Microsoft_Teams_Rooms_Pro","28","24","4"
"2025-01-14","POWERAPPS_PER_APP","0","0","0"
"2025-01-14","Microsoft_Teams_Audio_Conferencing_select_dial_out","35000","0","35000"
"2025-01-14","POWERAPPS_DEV","10000","11","9989"
"2025-01-15","VISIOCLIENT","75","66","9"
"2025-01-15","STREAM","10000","120","9880"
"2025-01-15","DYN365_CUSTOMER_INSIGHTS_BASE","0","0","0"
"2025-01-15","Microsoft_365_F1_(no_Teams)","25500","23984","1516"
"2025-01-15","FLOW_PER_USER","0","4","-4"
"2025-01-15","Microsoft_365_Copilot","15","15","0"
"2025-01-15","DYN365_AI_SERVICE_INSIGHTS","10000","2","9998"
"2025-01-15","WINDOWS_STORE","25","0","25"
"2025-01-15","POWERAPPS_PER_APP_IW","10000","130","9870"
"2025-01-15","PROJECTESSENTIALS","10","10","0"
"2025-01-15","FLOW_FREE","10000","6007","3993"
"2025-01-15","Power_Virtual_Agents","6","0","6"
"2025-01-15","MCOPSTN1","11","11","0"
"2025-01-15","PHONESYSTEM_VIRTUALUSER","30","3","27"
"2025-01-15","CCIBOTS_PRIVPREV_VIRAL","10000","4","9996"
"2025-01-15","PBI_PREMIUM_P1_ADDON","4","0","4"
"2025-01-15","FORMS_PRO","1000000","0","1000000"
"2025-01-15","POWERAPPS_VIRAL","10000","2276","7724"
"2025-01-15","DYN365_CUSTOMER_INSIGHTS_ADDON","0","0","0"
"2025-01-15","Microsoft_Teams_Premium","35","28","7"
"2025-01-15","SPE_F5_COMP","1500","1309","191"
"2025-01-15","DYN365_ENTERPRISE_CUSTOMER_SERVICE","0","0","0"
"2025-01-15","MEETING_ROOM","0","0","0"
"2025-01-15","Dynamics_365_Onboarding_SKU","10000","2","9998"
"2025-01-15","POWER_BI_STANDARD","1000000","64108","935892"
"2025-01-15","MCOPSTNC","10000000","3117","9996883"
"2025-01-15","SPE_E5","3375","3257","118"
"2025-01-15","Power_Pages_vTrial_for_Makers","10000","0","10000"
"2025-01-15","POWERAPPS_PER_USER","100","41","59"
"2025-01-15","SMB_APPS","10","1","9"
"2025-01-15","AX7_USER_TRIAL","10000","0","10000"
"2025-01-15","POWERAPPS_PER_USER_BD_ONLY","6000","2695","3305"
"2025-01-15","M365_F1_COMM","0","0","0"
"2025-01-15","VIRTUAL_AGENT_ADDON","0","0","0"
"2025-01-15","RMSBASIC","1","0","1"
"2025-01-15","PROJECTPROFESSIONAL","40","31","9"
"2025-01-15","POWERAUTOMATE_ATTENDED_RPA","3","3","0"
"2025-01-15","CPC_E_4C_16GB_256GB​","134","113","21"
"2025-01-15","SPE_F1","10240","10102","138"
"2025-01-15","Microsoft_Teams_Rooms_Pro","28","24","4"
"2025-01-15","POWERAPPS_PER_APP","0","0","0"
"2025-01-15","Microsoft_Teams_Audio_Conferencing_select_dial_out","35000","0","35000"
"2025-01-15","POWERAPPS_DEV","10000","11","9989"
"2025-01-17","VISIOCLIENT","75","66","9"
"2025-01-17","STREAM","10000","120","9880"
"2025-01-17","DYN365_CUSTOMER_INSIGHTS_BASE","0","0","0"
"2025-01-17","Microsoft_365_F1_(no_Teams)","25500","24004","1496"
"2025-01-17","FLOW_PER_USER","0","4","-4"
"2025-01-17","Microsoft_365_Copilot","15","15","0"
"2025-01-17","DYN365_AI_SERVICE_INSIGHTS","10000","2","9998"
"2025-01-17","WINDOWS_STORE","25","0","25"
"2025-01-17","POWERAPPS_PER_APP_IW","10000","130","9870"
"2025-01-17","PROJECTESSENTIALS","10","10","0"
"2025-01-17","FLOW_FREE","10000","6001","3999"
"2025-01-17","Power_Virtual_Agents","6","0","6"
"2025-01-17","MCOPSTN1","11","11","0"
"2025-01-17","PHONESYSTEM_VIRTUALUSER","30","3","27"
"2025-01-17","CCIBOTS_PRIVPREV_VIRAL","10000","4","9996"
"2025-01-17","PBI_PREMIUM_P1_ADDON","4","0","4"
"2025-01-17","FORMS_PRO","1000000","0","1000000"
"2025-01-17","POWERAPPS_VIRAL","10000","2276","7724"
"2025-01-17","DYN365_CUSTOMER_INSIGHTS_ADDON","0","0","0"
"2025-01-17","Microsoft_Teams_Premium","35","28","7"
"2025-01-17","SPE_F5_COMP","1500","1308","192"
"2025-01-17","DYN365_ENTERPRISE_CUSTOMER_SERVICE","0","0","0"
"2025-01-17","MEETING_ROOM","0","0","0"
"2025-01-17","Dynamics_365_Onboarding_SKU","10000","2","9998"
"2025-01-17","POWER_BI_STANDARD","1000000","64143","935857"
"2025-01-17","MCOPSTNC","10000000","3125","9996875"
"2025-01-17","SPE_E5","3375","3265","110"
"2025-01-17","Power_Pages_vTrial_for_Makers","10000","0","10000"
"2025-01-17","POWERAPPS_PER_USER","100","42","58"
"2025-01-17","SMB_APPS","10","1","9"
"2025-01-17","AX7_USER_TRIAL","10000","0","10000"
"2025-01-17","POWERAPPS_PER_USER_BD_ONLY","6000","2696","3304"
"2025-01-17","M365_F1_COMM","0","0","0"
"2025-01-17","VIRTUAL_AGENT_ADDON","0","0","0"
"2025-01-17","RMSBASIC","1","0","1"
"2025-01-17","PROJECTPROFESSIONAL","40","31","9"
"2025-01-17","POWERAUTOMATE_ATTENDED_RPA","3","3","0"
"2025-01-17","CPC_E_4C_16GB_256GB​","134","115","19"
"2025-01-17","SPE_F1","10240","10103","137"
"2025-01-17","Microsoft_Teams_Rooms_Pro","28","24","4"
"2025-01-17","POWERAPPS_PER_APP","0","0","0"
"2025-01-17","Microsoft_Teams_Audio_Conferencing_select_dial_out","35000","0","35000"
"2025-01-17","POWERAPPS_DEV","10000","11","9989"
"2025-01-20","VISIOCLIENT","75","66","9"
"2025-01-20","STREAM","10000","120","9880"
"2025-01-20","DYN365_CUSTOMER_INSIGHTS_BASE","0","0","0"
"2025-01-20","Microsoft_365_F1_(no_Teams)","25500","23979","1521"
"2025-01-20","FLOW_PER_USER","0","4","-4"
"2025-01-20","Microsoft_365_Copilot","15","15","0"
"2025-01-20","DYN365_AI_SERVICE_INSIGHTS","10000","2","9998"
"2025-01-20","WINDOWS_STORE","25","0","25"
"2025-01-20","POWERAPPS_PER_APP_IW","10000","130","9870"
"2025-01-20","PROJECTESSENTIALS","10","10","0"
"2025-01-20","FLOW_FREE","10000","5997","4003"
"2025-01-20","Power_Virtual_Agents","6","0","6"
"2025-01-20","MCOPSTN1","11","11","0"
"2025-01-20","PHONESYSTEM_VIRTUALUSER","30","3","27"
"2025-01-20","CCIBOTS_PRIVPREV_VIRAL","10000","4","9996"
"2025-01-20","PBI_PREMIUM_P1_ADDON","4","0","4"
"2025-01-20","FORMS_PRO","1000000","0","1000000"
"2025-01-20","POWERAPPS_VIRAL","10000","2276","7724"
"2025-01-20","DYN365_CUSTOMER_INSIGHTS_ADDON","0","0","0"
"2025-01-20","Microsoft_Teams_Premium","35","30","5"
"2025-01-20","SPE_F5_COMP","1500","1309","191"
"2025-01-20","DYN365_ENTERPRISE_CUSTOMER_SERVICE","0","0","0"
"2025-01-20","MEETING_ROOM","0","0","0"
"2025-01-20","Dynamics_365_Onboarding_SKU","10000","2","9998"
"2025-01-20","POWER_BI_STANDARD","1000000","64123","935877"
"2025-01-20","MCOPSTNC","10000000","3129","9996871"
"2025-01-20","SPE_E5","3375","3268","107"
"2025-01-20","Power_Pages_vTrial_for_Makers","10000","0","10000"
"2025-01-20","POWERAPPS_PER_USER","100","42","58"
"2025-01-20","SMB_APPS","10","1","9"
"2025-01-20","AX7_USER_TRIAL","10000","0","10000"
"2025-01-20","POWERAPPS_PER_USER_BD_ONLY","6000","2699","3301"
"2025-01-20","M365_F1_COMM","0","0","0"
"2025-01-20","VIRTUAL_AGENT_ADDON","0","0","0"
"2025-01-20","RMSBASIC","1","0","1"
"2025-01-20","PROJECTPROFESSIONAL","40","31","9"
"2025-01-20","POWERAUTOMATE_ATTENDED_RPA","3","3","0"
"2025-01-20","CPC_E_4C_16GB_256GB​","134","114","20"
"2025-01-20","SPE_F1","10240","10100","140"
"2025-01-20","Microsoft_Teams_Rooms_Pro","28","24","4"
"2025-01-20","POWERAPPS_PER_APP","0","0","0"
"2025-01-20","Microsoft_Teams_Audio_Conferencing_select_dial_out","35000","0","35000"
"2025-01-20","POWERAPPS_DEV","10000","11","9989"
"2025-01-22","VISIOCLIENT","75","66","9"
"2025-01-22","STREAM","10000","120","9880"
"2025-01-22","DYN365_CUSTOMER_INSIGHTS_BASE","0","0","0"
"2025-01-22","Microsoft_365_F1_(no_Teams)","25500","23975","1525"
"2025-01-22","FLOW_PER_USER","0","4","-4"
"2025-01-22","Microsoft_365_Copilot","15","15","0"
"2025-01-22","DYN365_AI_SERVICE_INSIGHTS","10000","2","9998"
"2025-01-22","WINDOWS_STORE","25","0","25"
"2025-01-22","POWERAPPS_PER_APP_IW","10000","130","9870"
"2025-01-22","PROJECTESSENTIALS","10","10","0"
"2025-01-22","FLOW_FREE","10000","5996","4004"
"2025-01-22","Power_Virtual_Agents","6","0","6"
"2025-01-22","MCOPSTN1","11","11","0"
"2025-01-22","PHONESYSTEM_VIRTUALUSER","30","3","27"
"2025-01-22","CCIBOTS_PRIVPREV_VIRAL","10000","4","9996"
"2025-01-22","PBI_PREMIUM_P1_ADDON","4","0","4"
"2025-01-22","FORMS_PRO","1000000","0","1000000"
"2025-01-22","POWERAPPS_VIRAL","10000","2276","7724"
"2025-01-22","DYN365_CUSTOMER_INSIGHTS_ADDON","0","0","0"
"2025-01-22","Microsoft_Teams_Premium","35","29","6"
"2025-01-22","SPE_F5_COMP","1500","1311","189"
"2025-01-22","DYN365_ENTERPRISE_CUSTOMER_SERVICE","0","0","0"
"2025-01-22","MEETING_ROOM","0","0","0"
"2025-01-22","Dynamics_365_Onboarding_SKU","10000","2","9998"
"2025-01-22","POWER_BI_STANDARD","1000000","64138","935862"
"2025-01-22","MCOPSTNC","10000000","3137","9996863"
"2025-01-22","SPE_E5","3375","3270","105"
"2025-01-22","Power_Pages_vTrial_for_Makers","10000","0","10000"
"2025-01-22","POWERAPPS_PER_USER","100","63","37"
"2025-01-22","SMB_APPS","10","1","9"
"2025-01-22","AX7_USER_TRIAL","10000","0","10000"
"2025-01-22","POWERAPPS_PER_USER_BD_ONLY","6000","2700","3300"
"2025-01-22","M365_F1_COMM","0","0","0"
"2025-01-22","VIRTUAL_AGENT_ADDON","0","0","0"
"2025-01-22","RMSBASIC","1","0","1"
"2025-01-22","PROJECTPROFESSIONAL","40","31","9"
"2025-01-22","POWERAUTOMATE_ATTENDED_RPA","3","3","0"
"2025-01-22","CPC_E_4C_16GB_256GB​","134","114","20"
"2025-01-22","SPE_F1","10240","10113","127"
"2025-01-22","Microsoft_Teams_Rooms_Pro","28","24","4"
"2025-01-22","POWERAPPS_PER_APP","0","0","0"
"2025-01-22","Microsoft_Teams_Audio_Conferencing_select_dial_out","35000","0","35000"
"2025-01-22","POWERAPPS_DEV","10000","11","9989"
"2025-01-28","VISIOCLIENT","75","66","9"
"2025-01-28","STREAM","10000","120","9880"
"2025-01-28","DYN365_CUSTOMER_INSIGHTS_BASE","0","0","0"
"2025-01-28","Microsoft_365_F1_(no_Teams)","25500","23881","1619"
"2025-01-28","FLOW_PER_USER","0","4","-4"
"2025-01-28","Microsoft_365_Copilot","15","15","0"
"2025-01-28","DYN365_AI_SERVICE_INSIGHTS","10000","2","9998"
"2025-01-28","WINDOWS_STORE","25","0","25"
"2025-01-28","POWERAPPS_PER_APP_IW","10000","130","9870"
"2025-01-28","PROJECTESSENTIALS","10","10","0"
"2025-01-28","FLOW_FREE","10000","5970","4030"
"2025-01-28","Power_Virtual_Agents","6","0","6"
"2025-01-28","MCOPSTN1","11","11","0"
"2025-01-28","PHONESYSTEM_VIRTUALUSER","30","3","27"
"2025-01-28","CCIBOTS_PRIVPREV_VIRAL","10000","4","9996"
"2025-01-28","PBI_PREMIUM_P1_ADDON","4","0","4"
"2025-01-28","FORMS_PRO","1000000","0","1000000"
"2025-01-28","POWERAPPS_VIRAL","10000","2271","7729"
"2025-01-28","DYN365_CUSTOMER_INSIGHTS_ADDON","0","0","0"
"2025-01-28","Microsoft_Teams_Premium","35","30","5"
"2025-01-28","SPE_F5_COMP","1500","1308","192"
"2025-01-28","DYN365_ENTERPRISE_CUSTOMER_SERVICE","0","0","0"
"2025-01-28","MEETING_ROOM","0","0","0"
"2025-01-28","Dynamics_365_Onboarding_SKU","10000","2","9998"
"2025-01-28","POWER_BI_STANDARD","1000000","64066","935934"
"2025-01-28","MCOPSTNC","10000000","3133","9996867"
"2025-01-28","SPE_E5","3375","3268","107"
"2025-01-28","Power_Pages_vTrial_for_Makers","10000","0","10000"
"2025-01-28","POWERAPPS_PER_USER","100","76","24"
"2025-01-28","SMB_APPS","10","1","9"
"2025-01-28","AX7_USER_TRIAL","10000","0","10000"
"2025-01-28","POWERAPPS_PER_USER_BD_ONLY","6000","2701","3299"
"2025-01-28","M365_F1_COMM","0","0","0"
"2025-01-28","VIRTUAL_AGENT_ADDON","0","0","0"
"2025-01-28","RMSBASIC","1","0","1"
"2025-01-28","PROJECTPROFESSIONAL","40","31","9"
"2025-01-28","POWERAUTOMATE_ATTENDED_RPA","3","3","0"
"2025-01-28","CPC_E_4C_16GB_256GB​","134","115","19"
"2025-01-28","SPE_F1","10240","10111","129"
"2025-01-28","Microsoft_Teams_Rooms_Pro","28","24","4"
"2025-01-28","POWERAPPS_PER_APP","0","0","0"
"2025-01-28","Microsoft_Teams_Audio_Conferencing_select_dial_out","35000","0","35000"
"2025-01-28","POWERAPPS_DEV","10000","11","9989"
"2025-01-30","VISIOCLIENT","75","66","9"
"2025-01-30","STREAM","10000","120","9880"
"2025-01-30","DYN365_CUSTOMER_INSIGHTS_BASE","0","0","0"
"2025-01-30","Microsoft_365_F1_(no_Teams)","25500","23918","1582"
"2025-01-30","FLOW_PER_USER","0","4","-4"
"2025-01-30","Microsoft_365_Copilot","15","15","0"
"2025-01-30","DYN365_AI_SERVICE_INSIGHTS","10000","2","9998"
"2025-01-30","WINDOWS_STORE","25","0","25"
"2025-01-30","POWERAPPS_PER_APP_IW","10000","130","9870"
"2025-01-30","PROJECTESSENTIALS","10","10","0"
"2025-01-30","FLOW_FREE","10000","5969","4031"
"2025-01-30","Power_Virtual_Agents","6","0","6"
"2025-01-30","MCOPSTN1","11","11","0"
"2025-01-30","PHONESYSTEM_VIRTUALUSER","30","3","27"
"2025-01-30","CCIBOTS_PRIVPREV_VIRAL","10000","4","9996"
"2025-01-30","PBI_PREMIUM_P1_ADDON","4","0","4"
"2025-01-30","FORMS_PRO","1000000","0","1000000"
"2025-01-30","POWERAPPS_VIRAL","10000","2271","7729"
"2025-01-30","DYN365_CUSTOMER_INSIGHTS_ADDON","0","0","0"
"2025-01-30","Microsoft_Teams_Premium","35","30","5"
"2025-01-30","SPE_F5_COMP","1500","1310","190"
"2025-01-30","DYN365_ENTERPRISE_CUSTOMER_SERVICE","0","0","0"
"2025-01-30","MEETING_ROOM","0","0","0"
"2025-01-30","Dynamics_365_Onboarding_SKU","10000","2","9998"
"2025-01-30","POWER_BI_STANDARD","1000000","64100","935900"
"2025-01-30","MCOPSTNC","10000000","3135","9996865"
"2025-01-30","SPE_E5","3375","3270","105"
"2025-01-30","Power_Pages_vTrial_for_Makers","10000","0","10000"
"2025-01-30","POWERAPPS_PER_USER","100","77","23"
"2025-01-30","SMB_APPS","10","1","9"
"2025-01-30","AX7_USER_TRIAL","10000","0","10000"
"2025-01-30","POWERAPPS_PER_USER_BD_ONLY","6000","2704","3296"
"2025-01-30","M365_F1_COMM","0","0","0"
"2025-01-30","VIRTUAL_AGENT_ADDON","0","0","0"
"2025-01-30","RMSBASIC","1","0","1"
"2025-01-30","PROJECTPROFESSIONAL","40","32","8"
"2025-01-30","POWERAUTOMATE_ATTENDED_RPA","3","3","0"
"2025-01-30","CPC_E_4C_16GB_256GB​","134","113","21"
"2025-01-30","SPE_F1","10240","10111","129"
"2025-01-30","Microsoft_Teams_Rooms_Pro","28","24","4"
"2025-01-30","POWERAPPS_PER_APP","0","0","0"
"2025-01-30","Microsoft_Teams_Audio_Conferencing_select_dial_out","35000","0","35000"
"2025-01-30","POWERAPPS_DEV","10000","11","9989"
"2025-01-31","VISIOCLIENT","75","66","9"
"2025-01-31","STREAM","10000","120","9880"
"2025-01-31","DYN365_CUSTOMER_INSIGHTS_BASE","0","0","0"
"2025-01-31","Microsoft_365_F1_(no_Teams)","25500","23909","1591"
"2025-01-31","FLOW_PER_USER","0","4","-4"
"2025-01-31","Microsoft_365_Copilot","15","15","0"
"2025-01-31","DYN365_AI_SERVICE_INSIGHTS","10000","2","9998"
"2025-01-31","WINDOWS_STORE","25","0","25"
"2025-01-31","POWERAPPS_PER_APP_IW","10000","130","9870"
"2025-01-31","PROJECTESSENTIALS","10","10","0"
"2025-01-31","FLOW_FREE","10000","5967","4033"
"2025-01-31","Power_Virtual_Agents","6","0","6"
"2025-01-31","MCOPSTN1","11","11","0"
"2025-01-31","PHONESYSTEM_VIRTUALUSER","30","3","27"
"2025-01-31","CCIBOTS_PRIVPREV_VIRAL","10000","4","9996"
"2025-01-31","PBI_PREMIUM_P1_ADDON","4","0","4"
"2025-01-31","FORMS_PRO","1000000","0","1000000"
"2025-01-31","POWERAPPS_VIRAL","10000","2271","7729"
"2025-01-31","DYN365_CUSTOMER_INSIGHTS_ADDON","0","0","0"
"2025-01-31","Microsoft_Teams_Premium","35","31","4"
"2025-01-31","SPE_F5_COMP","1500","1309","191"
"2025-01-31","DYN365_ENTERPRISE_CUSTOMER_SERVICE","0","0","0"
"2025-01-31","MEETING_ROOM","0","0","0"
"2025-01-31","Dynamics_365_Onboarding_SKU","10000","2","9998"
"2025-01-31","POWER_BI_STANDARD","1000000","64094","935906"
"2025-01-31","MCOPSTNC","10000000","3134","9996866"
"2025-01-31","SPE_E5","3375","3269","106"
"2025-01-31","Power_Pages_vTrial_for_Makers","10000","0","10000"
"2025-01-31","POWERAPPS_PER_USER","100","77","23"
"2025-01-31","SMB_APPS","10","1","9"
"2025-01-31","AX7_USER_TRIAL","10000","0","10000"
"2025-01-31","POWERAPPS_PER_USER_BD_ONLY","6000","2706","3294"
"2025-01-31","M365_F1_COMM","0","0","0"
"2025-01-31","VIRTUAL_AGENT_ADDON","0","0","0"
"2025-01-31","RMSBASIC","1","0","1"
"2025-01-31","PROJECTPROFESSIONAL","40","32","8"
"2025-01-31","POWERAUTOMATE_ATTENDED_RPA","3","3","0"
"2025-01-31","CPC_E_4C_16GB_256GB​","134","113","21"
"2025-01-31","SPE_F1","10240","10109","131"
"2025-01-31","Microsoft_Teams_Rooms_Pro","28","24","4"
"2025-01-31","POWERAPPS_PER_APP","0","0","0"
"2025-01-31","Microsoft_Teams_Audio_Conferencing_select_dial_out","35000","0","35000"
"2025-01-31","POWERAPPS_DEV","10000","11","9989"
"2025-02-04","VISIOCLIENT","75","66","9"
"2025-02-04","STREAM","10000","120","9880"
"2025-02-04","DYN365_CUSTOMER_INSIGHTS_BASE","0","0","0"
"2025-02-04","Microsoft_365_F1_(no_Teams)","25500","23835","1665"
"2025-02-04","FLOW_PER_USER","0","4","-4"
"2025-02-04","Microsoft_365_Copilot","15","15","0"
"2025-02-04","DYN365_AI_SERVICE_INSIGHTS","10000","2","9998"
"2025-02-04","WINDOWS_STORE","25","0","25"
"2025-02-04","POWERAPPS_PER_APP_IW","10000","130","9870"
"2025-02-04","PROJECTESSENTIALS","10","10","0"
"2025-02-04","FLOW_FREE","10000","5952","4048"
"2025-02-04","Power_Virtual_Agents","6","0","6"
"2025-02-04","MCOPSTN1","11","11","0"
"2025-02-04","PHONESYSTEM_VIRTUALUSER","30","3","27"
"2025-02-04","CCIBOTS_PRIVPREV_VIRAL","10000","4","9996"
"2025-02-04","PBI_PREMIUM_P1_ADDON","4","0","4"
"2025-02-04","FORMS_PRO","1000000","0","1000000"
"2025-02-04","POWERAPPS_VIRAL","10000","2268","7732"
"2025-02-04","DYN365_CUSTOMER_INSIGHTS_ADDON","0","0","0"
"2025-02-04","Microsoft_Teams_Premium","35","31","4"
"2025-02-04","SPE_F5_COMP","1500","1309","191"
"2025-02-04","DYN365_ENTERPRISE_CUSTOMER_SERVICE","0","0","0"
"2025-02-04","MEETING_ROOM","0","0","0"
"2025-02-04","Dynamics_365_Onboarding_SKU","10000","2","9998"
"2025-02-04","POWER_BI_STANDARD","1000000","64029","935971"
"2025-02-04","MCOPSTNC","10000000","3127","9996873"
"2025-02-04","SPE_E5","3375","3263","112"
"2025-02-04","Power_Pages_vTrial_for_Makers","10000","0","10000"
"2025-02-04","POWERAPPS_PER_USER","100","80","20"
"2025-02-04","SMB_APPS","10","1","9"
"2025-02-04","AX7_USER_TRIAL","10000","0","10000"
"2025-02-04","POWERAPPS_PER_USER_BD_ONLY","6000","2715","3285"
"2025-02-04","M365_F1_COMM","0","0","0"
"2025-02-04","VIRTUAL_AGENT_ADDON","0","0","0"
"2025-02-04","RMSBASIC","1","0","1"
"2025-02-04","PROJECTPROFESSIONAL","40","32","8"
"2025-02-04","POWERAUTOMATE_ATTENDED_RPA","3","3","0"
"2025-02-04","CPC_E_4C_16GB_256GB​","134","114","20"
"2025-02-04","SPE_F1","10240","10116","124"
"2025-02-04","Microsoft_Teams_Rooms_Pro","28","24","4"
"2025-02-04","POWERAPPS_PER_APP","0","0","0"
"2025-02-04","Microsoft_Teams_Audio_Conferencing_select_dial_out","35000","0","35000"
"2025-02-04","POWERAPPS_DEV","10000","11","9989"
"2025-02-10","VISIOCLIENT","75","66","9"
"2025-02-10","STREAM","10000","120","9880"
"2025-02-10","DYN365_CUSTOMER_INSIGHTS_BASE","0","0","0"
"2025-02-10","Microsoft_365_F1_(no_Teams)","25500","23786","1714"
"2025-02-10","FLOW_PER_USER","0","4","-4"
"2025-02-10","Microsoft_365_Copilot","15","15","0"
"2025-02-10","DYN365_AI_SERVICE_INSIGHTS","10000","2","9998"
"2025-02-10","WINDOWS_STORE","25","0","25"
"2025-02-10","POWERAPPS_PER_APP_IW","10000","130","9870"
"2025-02-10","PROJECTESSENTIALS","10","10","0"
"2025-02-10","FLOW_FREE","10000","5940","4060"
"2025-02-10","Power_Virtual_Agents","6","0","6"
"2025-02-10","MCOPSTN1","11","11","0"
"2025-02-10","PHONESYSTEM_VIRTUALUSER","30","3","27"
"2025-02-10","CCIBOTS_PRIVPREV_VIRAL","10000","4","9996"
"2025-02-10","PBI_PREMIUM_P1_ADDON","4","0","4"
"2025-02-10","FORMS_PRO","1000000","0","1000000"
"2025-02-10","POWERAPPS_VIRAL","10000","2263","7737"
"2025-02-10","DYN365_CUSTOMER_INSIGHTS_ADDON","0","0","0"
"2025-02-10","Microsoft_Teams_Premium","35","31","4"
"2025-02-10","SPE_F5_COMP","1500","1307","193"
"2025-02-10","DYN365_ENTERPRISE_CUSTOMER_SERVICE","0","0","0"
"2025-02-10","MEETING_ROOM","0","0","0"
"2025-02-10","Dynamics_365_Onboarding_SKU","10000","2","9998"
"2025-02-10","POWER_BI_STANDARD","1000000","64019","935981"
"2025-02-10","MCOPSTNC","10000000","3130","9996870"
"2025-02-10","SPE_E5","3375","3267","108"
"2025-02-10","Power_Pages_vTrial_for_Makers","10000","0","10000"
"2025-02-10","POWERAPPS_PER_USER","100","87","13"
"2025-02-10","SMB_APPS","10","1","9"
"2025-02-10","AX7_USER_TRIAL","10000","0","10000"
"2025-02-10","POWERAPPS_PER_USER_BD_ONLY","6000","2725","3275"
"2025-02-10","M365_F1_COMM","0","0","0"
"2025-02-10","VIRTUAL_AGENT_ADDON","0","0","0"
"2025-02-10","RMSBASIC","1","0","1"
"2025-02-10","PROJECTPROFESSIONAL","40","32","8"
"2025-02-10","POWERAUTOMATE_ATTENDED_RPA","3","3","0"
"2025-02-10","CPC_E_4C_16GB_256GB​","134","114","20"
"2025-02-10","SPE_F1","10240","10140","100"
"2025-02-10","Microsoft_Teams_Rooms_Pro","28","24","4"
"2025-02-10","POWERAPPS_PER_APP","0","0","0"
"2025-02-10","Microsoft_Teams_Audio_Conferencing_select_dial_out","35000","0","35000"
"2025-02-10","POWERAPPS_DEV","10000","11","9989"
"2025-02-14","VISIOCLIENT","75","65","10"
"2025-02-14","STREAM","10000","120","9880"
"2025-02-14","DYN365_CUSTOMER_INSIGHTS_BASE","0","0","0"
"2025-02-14","Microsoft_365_F1_(no_Teams)","25500","23860","1640"
"2025-02-14","FLOW_PER_USER","0","4","-4"
"2025-02-14","Microsoft_365_Copilot","15","15","0"
"2025-02-14","DYN365_AI_SERVICE_INSIGHTS","10000","2","9998"
"2025-02-14","WINDOWS_STORE","25","0","25"
"2025-02-14","POWERAPPS_PER_APP_IW","10000","130","9870"
"2025-02-14","PROJECTESSENTIALS","10","10","0"
"2025-02-14","FLOW_FREE","10000","5935","4065"
"2025-02-14","Power_Virtual_Agents","6","0","6"
"2025-02-14","MCOPSTN1","11","11","0"
"2025-02-14","PHONESYSTEM_VIRTUALUSER","30","3","27"
"2025-02-14","CCIBOTS_PRIVPREV_VIRAL","10000","4","9996"
"2025-02-14","PBI_PREMIUM_P1_ADDON","4","0","4"
"2025-02-14","FORMS_PRO","1000000","0","1000000"
"2025-02-14","POWERAPPS_VIRAL","10000","2261","7739"
"2025-02-14","DYN365_CUSTOMER_INSIGHTS_ADDON","0","0","0"
"2025-02-14","Microsoft_Teams_Premium","35","31","4"
"2025-02-14","SPE_F5_COMP","1500","1307","193"
"2025-02-14","DYN365_ENTERPRISE_CUSTOMER_SERVICE","0","0","0"
"2025-02-14","MEETING_ROOM","0","0","0"
"2025-02-14","Dynamics_365_Onboarding_SKU","10000","2","9998"
"2025-02-14","POWER_BI_STANDARD","1000000","64128","935872"
"2025-02-14","MCOPSTNC","10000000","3143","9996857"
"2025-02-14","SPE_E5","3375","3280","95"
"2025-02-14","Power_Pages_vTrial_for_Makers","10000","0","10000"
"2025-02-14","POWERAPPS_PER_USER","100","89","11"
"2025-02-14","SMB_APPS","10","1","9"
"2025-02-14","AX7_USER_TRIAL","10000","0","10000"
"2025-02-14","POWERAPPS_PER_USER_BD_ONLY","6000","2722","3278"
"2025-02-14","M365_F1_COMM","0","0","0"
"2025-02-14","VIRTUAL_AGENT_ADDON","0","0","0"
"2025-02-14","RMSBASIC","1","0","1"
"2025-02-14","PROJECTPROFESSIONAL","40","32","8"
"2025-02-14","POWERAUTOMATE_ATTENDED_RPA","3","3","0"
"2025-02-14","CPC_E_4C_16GB_256GB​","134","113","21"
"2025-02-14","SPE_F1","10240","10157","83"
"2025-02-14","Microsoft_Teams_Rooms_Pro","28","24","4"
"2025-02-14","POWERAPPS_PER_APP","0","0","0"
"2025-02-14","Microsoft_Teams_Audio_Conferencing_select_dial_out","35000","0","35000"
"2025-02-14","POWERAPPS_DEV","10000","11","9989"
"2025-02-18","VISIOCLIENT","75","65","10"
"2025-02-18","STREAM","10000","119","9881"
"2025-02-18","DYN365_CUSTOMER_INSIGHTS_BASE","0","0","0"
"2025-02-18","Microsoft_365_F1_(no_Teams)","25500","23814","1686"
"2025-02-18","FLOW_PER_USER","0","4","-4"
"2025-02-18","Microsoft_365_Copilot","15","15","0"
"2025-02-18","DYN365_AI_SERVICE_INSIGHTS","10000","2","9998"
"2025-02-18","WINDOWS_STORE","25","0","25"
"2025-02-18","POWERAPPS_PER_APP_IW","10000","129","9871"
"2025-02-18","PROJECTESSENTIALS","10","10","0"
"2025-02-18","FLOW_FREE","10000","5925","4075"
"2025-02-18","Power_Virtual_Agents","6","0","6"
"2025-02-18","MCOPSTN1","11","11","0"
"2025-02-18","PHONESYSTEM_VIRTUALUSER","30","3","27"
"2025-02-18","CCIBOTS_PRIVPREV_VIRAL","10000","4","9996"
"2025-02-18","PBI_PREMIUM_P1_ADDON","4","0","4"
"2025-02-18","FORMS_PRO","1000000","0","1000000"
"2025-02-18","POWERAPPS_VIRAL","10000","2256","7744"
"2025-02-18","DYN365_CUSTOMER_INSIGHTS_ADDON","0","0","0"
"2025-02-18","Microsoft_Teams_Premium","35","31","4"
"2025-02-18","SPE_F5_COMP","1500","1305","195"
"2025-02-18","DYN365_ENTERPRISE_CUSTOMER_SERVICE","0","0","0"
"2025-02-18","MEETING_ROOM","0","0","0"
"2025-02-18","Dynamics_365_Onboarding_SKU","10000","2","9998"
"2025-02-18","POWER_BI_STANDARD","1000000","64093","935907"
"2025-02-18","MCOPSTNC","10000000","3148","9996852"
"2025-02-18","SPE_E5","3375","3286","89"
"2025-02-18","Power_Pages_vTrial_for_Makers","10000","0","10000"
"2025-02-18","POWERAPPS_PER_USER","100","90","10"
"2025-02-18","SMB_APPS","10","1","9"
"2025-02-18","AX7_USER_TRIAL","10000","0","10000"
"2025-02-18","POWERAPPS_PER_USER_BD_ONLY","6000","2717","3283"
"2025-02-18","M365_F1_COMM","0","0","0"
"2025-02-18","VIRTUAL_AGENT_ADDON","0","0","0"
"2025-02-18","RMSBASIC","1","0","1"
"2025-02-18","PROJECTPROFESSIONAL","40","32","8"
"2025-02-18","POWERAUTOMATE_ATTENDED_RPA","3","3","0"
"2025-02-18","CPC_E_4C_16GB_256GB​","134","115","19"
"2025-02-18","SPE_F1","10240","10158","82"
"2025-02-18","Microsoft_Teams_Rooms_Pro","28","24","4"
"2025-02-18","POWERAPPS_PER_APP","0","0","0"
"2025-02-18","Microsoft_Teams_Audio_Conferencing_select_dial_out","35000","0","35000"
"2025-02-18","POWERAPPS_DEV","10000","11","9989"
"2025-04-25","VISIOCLIENT","75","63","12"
"2025-04-25","STREAM","10000","119","9881"
"2025-04-25","Microsoft_365_F1_(no_Teams)","25500","23233","2267"
"2025-04-25","Microsoft_365_Copilot","30","20","10"
"2025-04-25","DYN365_AI_SERVICE_INSIGHTS","10000","2","9998"
"2025-04-25","WINDOWS_STORE","25","0","25"
"2025-04-25","POWERAPPS_PER_APP_IW","10000","129","9871"
"2025-04-25","PROJECTESSENTIALS","10","10","0"
"2025-04-25","FLOW_FREE","10000","5755","4245"
"2025-04-25","Power_Virtual_Agents","6","0","6"
"2025-04-25","MCOPSTN1","11","10","1"
"2025-04-25","PHONESYSTEM_VIRTUALUSER","30","3","27"
"2025-04-25","CCIBOTS_PRIVPREV_VIRAL","10000","4","9996"
"2025-04-25","PBI_PREMIUM_P1_ADDON","5","0","5"
"2025-04-25","FORMS_PRO","1000000","0","1000000"
"2025-04-25","POWERAPPS_VIRAL","10000","2237","7763"
"2025-04-25","Microsoft_Teams_Premium","50","36","14"
"2025-04-25","SPE_F5_COMP","1500","1336","164"
"2025-04-25","Dynamics_365_Onboarding_SKU","10000","2","9998"
"2025-04-25","POWER_BI_STANDARD","1000000","63731","936269"
"2025-04-25","MCOPSTNC","10000000","3138","9996862"
"2025-04-25","SPE_E5","3375","3297","78"
"2025-04-25","Power_Pages_vTrial_for_Makers","10000","0","10000"
"2025-04-25","POWERAPPS_PER_USER","100","100","0"
"2025-04-25","SMB_APPS","10","1","9"
"2025-04-25","AX7_USER_TRIAL","10000","0","10000"
"2025-04-25","POWERAPPS_PER_USER_BD_ONLY","6000","2777","3223"
"2025-04-25","RMSBASIC","1","0","1"
"2025-04-25","PROJECTPROFESSIONAL","40","33","7"
"2025-04-25","POWERAUTOMATE_ATTENDED_RPA","3","3","0"
"2025-04-25","CPC_E_4C_16GB_256GB​","134","125","9"
"2025-04-25","SPE_F1","10240","10216","24"
"2025-04-25","Microsoft_Teams_Rooms_Pro","28","27","1"
"2025-04-25","Microsoft_Teams_Audio_Conferencing_select_dial_out","35000","0","35000"
"2025-04-25","POWERAPPS_DEV","10000","11","9989"
